rs1 0.201 0.4072 0.6075
rs2 0.2374 0.4205 0.5825
rs3 0.2329 0.4102 0.5935
rs4 0.2394 0.4151 0.585
rs5 0.2386 0.4158 0.5851
rs6 0.2344 0.4191 0.5895
rs7 0.2265 0.4229 0.5922
rs8 0.2318 0.4211 0.5853
rs9 0.2354 0.4199 0.5876
rs10 0.2345 0.4166 0.5837
rs11 0.1953 0.4058 0.5998
rs12 0.1995 0.4076 0.6053
rs13 0.2012 0.3959 0.6138
rs14 0.2045 0.4033 0.5978
rs15 0.1936 0.3929 0.6094
rs16 0.1969 0.3923 0.5998
rs17 0.1969 0.4013 0.5963
rs18 0.2018 0.3994 0.5898
rs19 0.202 0.4022 0.6011
rs20 0.1957 0.3927 NA
rs21 0.2046 0.3954 0.599
rs22 0.1999 0.3968 0.5998
rs23 0.1995 0.4047 0.5998
rs24 0.1974 0.3973 0.6099
rs25 0.1979 0.4015 0.5992
rs26 0.2054 0.3954 0.607
rs27 0.201 0.4018 0.6051
rs28 0.1984 0.4048 0.5995
rs29 0.1981 0.4043 0.6016
rs30 0.2008 0.3975 0.6004
rs31 0.1972 0.4005 0.6034
rs32 0.2046 0.4025 0.6094
rs33 0.202 0.4151 0.6028
rs34 0.1994 0.3978 0.6015
rs35 0.2038 0.4017 0.596
rs36 0.1996 0.4025 0.5968
rs37 0.1991 0.4054 0.6
rs38 0.2036 0.3931 0.6055
rs39 0.2048 0.3972 0.5917
rs40 0.1984 0.3976 0.6039
rs41 0.1999 0.3978 0.605
rs42 0.1989 0.3971 0.6018
rs43 0.2021 0.4034 0.5964
rs44 0.2015 0.4096 0.5997
rs45 0.1997 0.4049 0.592
rs46 0.1994 0.3938 0.6043
rs47 0.2065 0.3964 0.602
rs48 0.1972 0.4004 0.6078
rs49 0.1958 0.3959 0.5965
rs50 0.2015 0.3987 0.6046
