-1.42271171010072
2.64299535056052
-0.143458087358033
0.719019285993519
-1.68542481516784
1.91196959488812
0.654252574360532
0.0526030886676503
-0.110231631549984
0.839480035326302
0.986205756269017
-0.0631569568219451
-0.481860414334765
1.8436338695837
0.356877701281041
-0.17611043204724
-1.40023191559801
1.27320974503921
-0.536984495201915
0.272456778832649
-0.417324619644989
0.647217593338255
-0.435978790976331
0.493802854229397
-0.00572056201827772
-0.83412208416913
0.350809221135896
-0.972002179973284
-0.201760968289188
0.815487364347958
0.172018244128117
-0.177060145101444
-0.848560838294565
0.153023836098887
-1.353663815091
0.0279476499864094
0.0434892023126506
0.00874427594870616
0.151247954908661
0.547776108766155
-0.213858688804908
1.1802896821817
-1.84959944333572
0.635691820241582
0.892095397677948
0.721052327447395
-0.68823179513124
-1.03281166037914
-1.89111637606173
0.401850060026161
-0.378922995814559
-0.878320262696334
-0.784391283974428
-0.622071786003467
-1.27240376433789
-0.0733640065418867
0.52432124755762
0.49077228699333
0.449438450667548
0.919586029411271
-0.213849507189733
-0.00388057425437323
0.696275719392079
-0.220484503191967
-0.413500855570901
-0.862298795168675
0.482432769028898
-1.18779249074866
0.620216828220358
1.49781957987272
-0.234413682041658
-0.568373606484736
0.0906870301621348
-0.715327988569829
1.8774365213077
0.434371552677907
-0.339866643301108
-1.65247010741238
0.664784496274573
-0.139073075076818
2.59082846725421
0.58669180709393
1.07787077794258
-0.934447288052528
-0.325106274495435
0.585921122901147
-1.24376308242307
0.855463201881506
0.386562190264158
-0.285073602945014
-0.144502743082079
-1.24280326114965
0.205120420400899
1.57309275329511
1.64980817955057
0.761785266256073
-0.461893427956915
-0.306095517939929
0.639148674737619
0.414421886860979
-1.41789216526764
-1.1578256763069
-0.292192224506535
0.291490552340906
-0.520887849091593
-0.839702127185875
-0.845542689737565
0.44984248416074
3.3767260138194
-0.265694576514441
0.77620469086543
0.688399500813309
-0.121273510320545
1.41910404543556
0.485660593238164
0.396227538494587
-0.872441959488712
-0.528752675041122
-0.502455743098271
0.903928727702028
-1.01071904878264
0.140372561793012
1.13513990696657
0.261953672287202
0.472941152022944
0.787704630978122
-1.2768745858741
0.281895006034738
0.629363811827345
-0.0566880776751914
0.0966208127169821
0.288894219869636
-1.46089359075156
0.871263737382838
0.297979980546699
-1.66975922372871
0.565674808938511
0.417524498009034
-1.42419282838377
0.910523879622613
0.0239649197340038
0.903606067170794
-1.14148122782725
0.689064003309995
0.258096612369522
0.980670670298626
-0.0872451850473369
-0.448097222357994
0.707725913218627
1.73535501150722
0.674218124845656
1.76543356953307
-0.25753939700286
-1.32007066527027
1.6700711111586
2.41116184596753
-1.5701102034333
2.19108382713892
-1.53641869852472
0.780474133060151
-0.286714403980296
-0.762328831410102
2.44201018235963
-0.116276082093065
1.16011697315413
-0.834036538869101
0.532415546844516
0.242673275658367
0.513621994074868
1.24797164518192
0.899082745017097
0.719728665086834
-1.50982543922247
1.04591147982123
-0.562443365762845
-1.80294853068464
0.243822999569291
-0.0739928878810859
0.331325253485805
0.16595119936473
-1.13479873672041
-1.58117245998677
-2.61804369538188
-0.241281102499053
0.839842991402063
-0.917164318765195
0.795432287360839
0.906585050265102
1.16824549809662
-0.140133715126251
0.625770558884879
0.486505524708789
-1.44162118909069
-1.53525054912535
-1.45022225160918
-0.692601290198655
-0.600511911143084
-0.688889804294767
-1.70508831076941
-0.564787637023634
-1.05877355491869
0.780587787269243
2.55059797906487
-1.07263592262569
0.491019568741332
0.413836557108814
0.0791407848914799
-0.54830096023348
-0.815638671112278
-0.26628655690964
0.978091543208347
0.710590216358397
1.16586387418922
0.0680578111485915
1.23607446022644
0.657973489419394
1.89555278851034
-1.59400301444172
2.21553423149171
0.896999867199621
0.339619097494726
0.0445909964831989
0.02718183294385
0.834470460699049
1.37478954298818
1.65653495299081
-0.0777788425544252
-0.388330818628145
-0.648107142498023
-1.22290810869628
0.310741775887969
1.58211186863266
2.13184412867573
0.368839319206343
-0.0949686903098078
1.65325353136276
0.911210223331267
1.54291764179315
1.02094712982942
-0.478037083988671
0.207006007152557
0.723848299849059
-0.52440651239722
0.809456187063277
-0.402798753697702
-0.540316774599102
-0.009539159680576
0.56559422063438
-1.82386573660581
1.29922732804504
0.29760795558477
-1.0229156094281
-1.0884216267185
1.39721065369943
1.55479530849163
-0.28417963527726
0.146616152149942
-1.32565109849935
0.442680923588143
-0.816141817667996
0.851035135478546
-0.625291925758678
-0.668503334380868
-0.73580761885591
0.759602265440534
-1.60758638710629
1.34852948824709
-1.26827571498116
0.149274547688027
-0.197500479780965
-0.822219537247069
-0.76767518571937
0.914944775381217
0.645101182959899
1.43210960758125
1.69924217618627
-0.290960491770533
-0.708791809596132
0.0564070373786291
0.761169544012074
-0.59122205009695
0.535613961119518
0.705973962275368
-0.982160122630711
0.212708022123925
0.010086389340816
-0.472235421495971
-1.92140244564129
-1.38767134888266
-0.423833379713695
-0.851676169399915
0.465262659540182
-0.307356744376063
0.315425954455943
-1.23870272298325
-1.00296563988704
-0.394064083818455
0.233754373124151
0.0439226326428575
-1.44766996213299
0.712467137539912
-0.798026982216401
1.53858199106932
-0.329548368145459
0.514498934697328
-0.36842299520583
-0.0309143412130919
1.92681896230427
-0.813623922452241
0.491684799833323
0.74486756215549
0.0106340453798996
-0.992961884139561
-0.336348279185651
-0.792847279075026
1.8438623466926
-0.551083638750405
0.465031229931501
0.872834818496838
-0.724893943647423
0.127098480781371
0.315587918634226
1.11537247162586
0.747572732130109
0.639135001558289
-0.0636115896727715
1.48150620943028
0.632901850285549
-1.43732494555613
0.0707338374203158
-0.0525407807557893
-1.36033980799646
-0.882973592845947
-0.654014366736678
0.0778840357423717
-1.25060157989836
0.183761509236425
0.581806293870343
0.0583518002022432
1.93671731533743
0.333340026384947
-0.492092790043946
-2.49425058167116
0.230423336886327
-0.0733443963426241
-0.743325285716025
-0.656348868359954
-2.25280553911015
0.578618283030641
-0.614333245584512
-1.70977092326673
1.58679098151847
-0.347931867701837
0.0488983269593347
-0.606829848139574
-0.147996732991179
-0.665574166769961
0.873172936470653
-1.08775740395746
0.348605251289349
0.998129164688758
0.606049693580431
0.767950346553009
-0.472337479590431
-1.21646275019425
0.100953905305358
-0.482889720622555
0.705727881738901
-0.980295618695773
-0.589214741947275
-1.43198308349928
-1.95087670820889
-0.300235718094588
1.24580415811421
0.412096873058001
-1.66009999877282
0.172489559407051
1.01706632399716
0.712810310391696
1.19794721298434
1.58884541643756
-1.37838183830131
0.747862434970795
-1.80792530772961
-0.212055423114464
-0.101205063872615
-0.182786119065634
-1.36779954502672
0.165923552261738
0.69666569518152
-0.456492184598836
-2.59442005024607
0.408851310366564
-0.72710809737385
0.482298757267651
1.10860815015513
0.394368777722543
1.41659706390726
0.448666274895828
-0.86749426238755
-0.656923958548845
0.752009602569468
-0.668081796386462
-0.641580909692149
-1.63083185189931
-0.800922072057445
0.187820081927705
0.0187278816736066
0.589195544731327
-0.51227128101716
-0.295573602944019
0.168381598120228
-0.602914766063821
0.108453032437577
1.08448548688115
-0.320011992231009
-2.96592636584897
1.68509468565068
0.303198032227326
-0.711290479400868
-1.10624962611592
0.234257011166265
0.901281794721934
-0.934389097547756
1.14601985595535
-1.451885474922
-1.65961642443309
0.846993809458315
-1.29751309696716
-0.046838773203829
-0.461663198864368
-0.252443787921133
3.55536839905504
2.30856682738458
1.70483972413146
-0.0922396832597629
-0.162341085375421
0.367801824055946
0.720541013434542
1.60767739290754
1.07436295498072
0.00290832803504284
-0.0589855170566134
-0.415637634500275
-0.975536974666865
-0.0258969919202256
0.565446257456779
-2.05193741028273
-0.441359474292058
-0.476419172898423
1.55320803028985
-0.826777417322499
-1.29125852557103
-0.255623431014835
-0.554289856927992
-0.366852460640677
-2.31971598082129
-0.298243429505328
0.209841406384944
-0.605291928942632
-0.0845272002226443
-0.133551139981963
0.967253007726064
0.200027121549661
-0.853677360538367
-0.0343044806033252
-0.339009703950591
1.08869702277757
-1.6052988548744
-1.40224194422932
0.03217573515141
0.0108522430261098
-1.99387106887516
0.290791516608514
-0.0343512656784037
1.80329091279076
-1.62649689161787
1.12439254596651
-0.282277871063809
1.13028949570242
0.316623163535802
-0.26807163989695
0.112644073618104
-0.536081837389911
-0.170664308469768
0.644123317063322
-0.648962512726136
0.223619709324851
0.266152551761352
-1.54557179980116
0.0206489365484557
-0.40808243278271
1.50135861558571
1.173502926822
-0.301752685461578
-0.547149347052449
-2.49191161959165
-0.705580965394428
1.49084296220244
0.934061136489501
-0.295869781558589
-0.19535145911558
1.49149051936375
2.06739054932839
1.9615414003723
-0.428622357975934
0.0381278945780649
-0.11056736288043
0.518616148890356
-1.24330321270062
-0.639885903545958
1.69870110331572
0.210981714097379
0.285505357655173
0.26701564622577
0.571570932485581
1.4165349020857
2.00275827966104
1.19095534970981
1.54208566647842
-0.0483789803510162
-0.667553736517841
-0.0658199626726128
-1.54919206368555
-2.60953798409462
0.176182655271949
1.30465437273903
-0.521249405772662
-0.0967971230619171
-0.0624397844883743
-0.839547509891887
-0.990214956501814
-1.10146835824928
-2.31479500919328
-1.5924064582655
0.143264322150688
0.409374700276473
-0.525642609870888
-1.09736080190393
-0.82587016053679
0.862275017721577
-0.216579132356738
0.913898896372571
-0.137015769274938
0.49002721766124
-1.05262317853722
-1.18791064918813
0.404887043851846
-1.42624549283863
0.420325743514196
0.438495021861933
0.0725953392602834
0.398403379454371
-1.70495981684872
-1.90749437787455
-0.859328263500597
0.893092319676697
1.00351012174232
-1.40365628179172
-0.14581490114677
-0.0984112511914031
0.760564026497884
1.34517849284781
0.22016826219811
-0.914943578807724
0.384185713197654
-1.31811115402925
0.735321323690896
0.274970298597007
0.0176544143300275
0.0495650335111414
-0.422554923130575
-0.543133269561567
-0.543145455629529
0.194832097725177
-0.291531125104384
2.09615696491767
0.157526011947706
-1.14295078847155
-0.801520321179455
-1.77491310667199
-1.27374223955816
-1.39254983650389
-0.0161350823561106
-0.529915717075884
-1.01705873828042
0.821516072551744
-1.17264072759364
0.190417080360245
0.738007401701004
-1.03561139294557
0.341315082352647
0.73715245093077
1.29012700916995
-0.0772117647028129
1.14990765081792
-1.51504914389351
-1.21269540159559
0.718964539863793
-1.22459930140247
1.4618744962545
-0.346527892763639
-0.532400052234833
-0.771316720741192
-0.396019650814113
0.832583753413345
0.316069158260327
-3.52299016206943
-0.660433489741188
-0.723999394281194
-0.231711963173251
-0.135944741557923
-0.313315534876048
0.779773905322243
1.55648347535431
-0.560712076389144
2.58464632827438
0.212198830648593
1.32861235600219
0.129445641297501
1.68007040387228
0.0709198839249834
0.711582098520908
-0.980692649401527
1.02343749144848
-1.0873122568216
-1.35564728971284
-1.15696267869864
1.26289178159095
1.32493280620439
2.76885101991136
0.092669539988499
-0.0796843240669626
0.26016679482938
-0.0159274891321636
-1.32291869938951
1.35399086425452
-2.27688855059564
0.505186126293536
-0.390995126142993
0.0956926176110661
1.40496563659411
-0.725751307467624
1.61411245966044
0.510018018247521
0.269989315433363
0.317659477174834
-0.591728112984115
2.04156964783706
0.34948306963013
-0.725154465160144
1.09767061022373
0.155608168410011
1.93137542412306
-0.311170973856751
0.908903153892293
-0.843727873977851
0.0415450367814794
0.376203165981346
0.82115649668052
-0.564936575078917
-1.11036209003109
-0.709976395766823
-0.899391306644161
1.54717742109927
1.75839123267797
0.206815950512814
0.645188156796487
-0.25836349376572
1.46154676826411
0.619627668009057
-0.15817446469939
0.778485637958931
1.31036154974864
0.138348169921286
-0.0915831954281705
-1.68516710901291
0.937259244414652
-0.490137629755574
0.49788631508185
-0.370263542856712
2.32789324488166
1.42294297740122
-0.396478525273683
-1.58092612036527
0.504579894768515
0.492748505181499
0.226064130655978
1.11502811132027
-0.241860303394904
0.0616792816749129
-1.68739212918032
-0.723841271105448
0.880765668891316
-0.812195713194397
0.828095198254528
-2.81525046410623
1.13945927989929
0.188242851776333
0.544989425064229
0.545481253336768
0.0807926606454241
-0.569176820043706
-0.929552004916673
0.124615467926948
-0.360259470296579
0.281307586448521
2.26267065293399
-1.02581866676502
-0.537285899869234
0.983746034398183
0.342392437791677
1.1645979486059
0.146294664221327
-0.312635712390275
0.405200726224519
0.256894049749272
-2.2821842609545
0.0139250066532314
2.22351739030241
0.652737681402673
0.557684118453982
0.376239566382654
0.076664886794305
-0.373250909127829
0.722992168488877
-0.592883401927398
-0.0425696750329727
-0.337058753899199
2.8255558956503
0.911724944826739
-1.47150956679009
-2.17558212928652
-0.0749576012816813
-2.63613600085835
-1.62796654211389
-0.182672083836807
-0.233646543254103
1.24731319624966
0.371152910238763
-1.34380026111991
0.61302291615118
-1.35100664224867
-0.300968816167449
-1.18360951700387
1.7902832808112
0.0596749745766374
0.642033430316033
0.651962249480059
-0.50697991543079
2.38105082478849
-0.0483320682721907
0.291015819886369
0.91545201358193
0.0371550003265602
-1.22279867248533
-1.25160644104484
1.44496355255131
1.2333085497782
-0.75844370131442
1.50847076133904
-0.241625989526715
-1.01294755713494
-0.782677492780445
-0.52612131635841
2.67286159554797
0.468430536220453
-0.0107821561488248
-0.985109200419266
0.0262625886582742
1.9920773288636
-0.297322515893246
-0.349196484173991
0.239991060690857
1.91876107196959
0.951228289383348
-0.940371048360277
-0.484017754568997
0.878226032417913
-0.0776384114757041
0.78077755344073
2.05686587276596
1.15898076556762
1.57022808335055
0.814525516087866
-0.512257172888382
-0.663834152925894
1.21687381679074
-0.0357121229478165
2.3202567863666
-1.66773942621523
0.648173489551953
-0.345933459572671
1.25301394194354
3.60796374505418
-0.612076351918439
-0.216434876411888
0.874621302108777
-0.982776890482136
-0.68710167721492
-1.27801604796215
-0.322377433716738
-1.020267854488
1.28663769746233
0.368928218152262
2.00804321198895
-0.18390967121989
0.753034631291839
-1.48868710686947
-1.4671381149401
1.94438048311624
-2.10756247481494
1.39324252094697
1.58044288322641
0.930141465437876
-1.13733917133328
0.897759634087292
-1.46661953299647
-0.581152993911438
1.18619850213539
0.521078663462255
-0.736756047814901
-1.20045624718703
-1.44469271102285
-0.48275808836008
-0.7987007548663
-1.13641279769453
0.880366603245389
-1.47536952585067
-0.600546644404722
0.533552221705551
1.00446798000115
1.24412377457638
0.805106748185328
0.563955817226861
1.58283054397048
0.111776281397627
0.856684646253196
-0.15731507228599
-0.357988371435616
1.61863943095362
1.0818997480583
-1.42641507209488
0.338537034056288
1.33101655556167
-0.946954704275906
-2.86486558789722
-1.12691941714757
1.61118855230426
0.338590094220089
1.00677278685898
-0.436301452792154
1.05725661095578
-0.810226208211273
1.09352462927287
1.04831148287661
-0.701001259287946
-1.01699450573757
-0.820027750614033
0.262672325568655
0.46212298564378
0.220674741062499
0.425478095350854
-1.40777069016316
-0.263383507026182
-0.169229597455405
0.639320725876295
0.887658822909521
-0.574850964591467
0.205268132543414
0.876208332431446
-0.0263483743537782
2.71502234977805
0.337783838117485
-1.3604229127831
0.455280764743608
-0.181452213150363
-0.134670522241048
0.119045791696224
-0.89906630696693
-0.753357504249886
-1.04732223238801
0.911304507709301
0.454676337454369
-0.701312564644265
-0.385626625308897
0.974875734275456
-1.24620624848228
-1.5557382707918
-1.00710393265638
-1.15918951306367
-0.251251946668006
1.53901734960865
0.480407540008287
-0.10370428213305
-0.719978384838896
-0.467454530047899
-0.478200045613614
0.779536655354824
0.483072464606459
1.41552408616461
-0.18984277073852
-0.164089987006326
-0.996862225756321
-2.54001155741416
1.29648008110458
-0.980747232297621
1.29564142828932
1.46806766630421
1.94573861106558
-0.977089297908848
3.00364605894775
-0.675158656524458
0.00270342608166348
2.32057952903713
-1.15640577081314
1.61657598339909
0.263960212045918
1.42268691448622
-1.17870374828093
0.145115857884972
1.51376811712253
0.525010591692641
-0.827329487630142
0.429228782026258
-0.718267964193236
-0.198684105974334
-1.7129546140368
1.12212422934665
1.14609273806328
-0.582586198069725
-0.249829297615737
0.158219849116938
0.620177331484885
0.131077625009293
-0.759665722892297
0.261799823405442
0.33840435163006
-0.281896759370838
0.877122396986055
-1.73406975345575
0.868182617211459
-0.569706644611338
-0.219710118784783
-0.192656786461147
0.485092517196975
-1.03614915203368
-0.482021702581353
-0.998838011407687
0.530947964288333
1.5040353697784
-0.300289152296906
1.34095474927159
-1.43001197771861
-0.335641658287751
0.390819369678396
0.726919722471602
-1.1089596478477
1.25239482327176
1.2465820118759
-0.498269967813252
1.06182383189796
-0.118706527398397
-0.651445770366529
2.059972700483
-0.225850113135275
-0.321173211085865
-2.87127889842379
0.35905909149246
-2.6560573955922
-1.18806465875803
-0.077865808526587
-0.873922782109899
0.271005560549758
-0.0316609587291457
1.07831130530597
0.156722087038218
0.627195125098548
-0.444363414210325
0.336511225769627
-0.306998972033138
1.10852334205509
0.72876589567533
0.220526758990374
0.750131799178483
-1.36081703935072
0.661993866710067
0.745868522529225
0.549671516481643
-1.993057491941
-0.870712957835156
-0.289456209566905
0.172470947639152
0.71576180534961
-0.288769143814306
-0.901583245428819
0.880731888280692
1.26356219819113
-1.43373862469239
0.723765061109328
-0.072328343573068
-0.54355297955641
0.4264093153375
0.640475914622277
-0.304778703772394
0.969833754086232
1.19769225468747
1.50218172737626
1.20052214120218
0.973409770283882
0.0993878137550985
1.60607050617127
1.90169285520377
1.49659372427823
-0.309994152086209
0.120639584377712
0.252758504579548
1.32457548650706
0.18534795616193
-0.581809275957315
1.62641727319661
1.40573120969374
1.84743703059794
0.774442867510948
0.200092278778691
-0.471442998830081
-0.700859109773854
-0.208697879216731
1.09509944118474
-1.14785540186494
-0.473890963979201
1.67863203997659
0.33834949301158
-0.334941253542004
0.141560302154731
0.154879165511426
-0.425337791887328
-0.886175020109675
-0.451293224446963
1.11720643456972
-0.628606499733922
-0.451712477664967
-0.502398277984357
-0.118128154829511
-0.757636420285797
0.241865456198929
0.14493756617041
0.798882313107898
1.24308275627051
1.29942249352821
-0.229558009710512
0.240685949049311
-0.665467568292385
1.78516856948215
-0.619901495379283
-0.589873697818447
-0.947857750526078
-0.826535595459608
0.301108826202484
-1.05569745025367
-0.676794051117993
1.56418596863084
0.213064541028011
0.310474772074763
-1.61799565978987
-0.529992938442487
-0.419083814262537
-1.06726771323429
-0.449939584798345
-1.35292529390089
-1.32216122349956
-1.08474258480664
-0.053014287948375
-0.769222265382935
1.99028604990465
0.430200467384917
-0.854223687724037
-0.951116551350638
0.289827448732567
1.72009985882745
1.98786879898412
-0.272118399827932
0.842310292983207
-0.0523950351576795
-1.03558768218844
0.353528823846924
-1.21153142109349
0.770581913260707
-1.9076832547934
-1.07715374580614
0.259215239387408
-0.0100046471756914
0.887012064476398
1.63453764675083
1.47860915418053
-0.232586120974704
1.04766491346205
1.78724641385011
-0.878120781499464
0.34704367867593
0.0913470736055274
0.939186206960413
-2.12803531285344
-0.9884246076293
-2.7716297848579
0.0497297406472436
-0.0150853874029379
-0.229413881345032
0.558560805050219
-1.09700521334432
0.628749557779647
1.34037240018997
0.221463591116689
-1.53928520636408
-0.728214297506366
0.537327471530751
0.365598191821472
-0.410979038779423
3.00179088436183
-0.590604305771545
-1.02246116352867
-0.339718142998475
-0.557510127863518
-1.81147745219085
-0.249604236134113
1.32084161000181
-1.72305250464217
0.41571054441668
-0.190913079813518
-0.910025050578341
1.12901036359337
0.457492906922041
-0.0519441428768562
-0.552133973211316
0.0334320806722168
-0.861113387630303
1.23783533963739
-0.497706346915041
0.275819848362269
0.0522492198364699
-0.683839403638793
2.1937124856176
0.614663223099233
0.428458205526464
-0.338447732032986
-0.923075601084
0.422160259665338
-1.01199136924688
0.0668236597174799
0.945326033190519
-0.0826794123076223
-0.456513122592505
0.766637783040723
1.34759344485443
-1.432628424559
0.882637555134609
-0.44475721168604
-0.381551064306178
-0.320225335384547
0.264984029608006
0.093780333386818
-0.743756545589564
0.449743240581196
1.23871245691423
1.66465667639884
0.102951760259937
0.243505608826807
0.251641009347336
-0.232128059206404
-0.0955091714960671
1.06904174940027
-0.0154622246945387
0.928919147399204
-1.58336181610802
0.0789891915264543
-0.505080199469618
-0.00748062579186299
0.117541282073967
-2.4304557881909
-0.0659567142806755
1.13700028891579
0.632142993032721
0.548593031688336
0.958326203342635
-1.69743755445799
-1.30251225638939
-0.234953423482196
-0.778813648840348
0.868629994350583
2.36450442075416
-0.84988548741347
-0.170335301183945
1.98619301043287
1.01639952187031
1.22064739763419
-0.870007465871725
-0.953100950734731
0.194767353931672
-1.20910353996113
-0.826178741871466
1.70529753382565
0.891321683921264
0.449485179691361
0.125797683679566
2.12228064612432
-0.0517287948382568
-1.61718204633479
1.39527213423946
0.718919204750732
-0.970387268863027
-0.799716159540862
-0.197037910327529
-0.123652120444126
0.124098227143764
0.86219976256392
-0.389997289422484
-1.58727452252372
0.727119343990235
0.121222731328687
-0.13903811175527
2.97191585981933
1.01189446113595
0.73052751550257
1.10304171505557
-0.227418971615134
-2.20154818062204
-0.868059449708838
0.454200071885585
-1.00395397064641
0.101086104567535
1.18009742142136
-1.57531386899026
1.75474086324236
-0.350652026968268
-0.393536362896525
0.996221882277255
0.178287713714761
-0.849963506410654
-1.57848699693596
0.147182238502451
-0.301715605080979
0.0694247411372518
-0.0813181197241254
0.7920127608695
-0.735935741114668
0.534443491851591
0.313705129846574
0.0654412376548828
-0.37853738333524
0.481096588502327
-1.63541704982567
0.750487723091012
-0.0836500778758199
0.441847146119716
2.4214868200444
-0.296888951420263
0.800384349078338
-1.15376347611468
-0.441952277301124
0.808105709321251
0.687946154996236
0.504710515476651
-0.647109604497449
-1.14581668128354
-0.931958891840178
-1.51164060293169
0.232418248567957
-0.345520653975319
-0.850735246066754
-0.501719618470167
-0.402142624472935
-0.259478748863982
-0.137885737860411
0.773872165795234
-0.296252503212093
0.913746592562158
-0.230956186320911
0.193143687684644
0.0216978047891181
2.14652720424707
-2.56791989985708
-0.823895212493505
0.894397463511031
-1.13608808783356
0.39850673945167
-0.533677152157532
0.374289654499604
-1.80054339922969
-0.652220997050167
-1.48555271811839
0.248313498993079
-0.545335876888187
1.48580873129385
-1.05917193468844
-0.732618658320645
0.497585867602101
0.0753383132545678
-0.984451742546377
-0.326261028910028
-2.38536759283845
-1.9860884187
0.155004514349288
-0.504849428650808
0.968562171253464
-0.03779486312101
-3.0590484519027
0.0134750474614857
1.19162820800398
1.56031225447011
-0.553581325713688
-0.837886235845679
0.794274155048052
-0.9027800401719
-1.49825983541895
0.432740352246787
1.52759019420318
0.297107582307749
0.365947720356811
-0.915418629070643
0.719407600246826
0.776920270416822
0.40087406656856
1.19564063102192
-0.812112584958464
-0.318375161366894
-2.16505912983037
-0.177806649450367
-0.556415507737236
-0.663453765057414
0.491239350175965
1.14348089038865
-1.3739837611199
0.0300809409628657
-0.587444452751476
-0.670222507110407
-1.64742983659035
-0.245636241562592
1.40732717351392
0.865528412817213
-0.73531711404853
-0.786911865169794
0.132170030093958
-0.547256861156657
-0.0641940945088235
-1.05931060767139
1.82283643784217
-2.6594680862395
-0.562978636420606
-2.14312675291933
0.501266323922475
0.944259910056044
-0.699258612151218
0.342405845538858
0.321243483090416
1.154712558568
-1.38646287053852
-1.66068175950942
0.0348487839087169
-1.02686342477311
-0.598907635154485
-0.698018335380105
-0.302346297151186
-0.295409515256114
-0.786708627386869
0.049161799452316
-0.0939929611090757
2.09274791941227
-0.340762936073053
2.49588783714769
-0.0957231865613129
0.436168203569873
1.37802589558512
0.448590558915151
-1.669061074865
-0.592045922049339
-0.204695556843662
-0.564373553595415
1.00746018015473
1.08747566321026
-1.74107425121598
-0.458855909086495
-0.502274434976137
0.0263819849988722
0.883954892056893
-0.170270699204922
0.353267659070447
0.366750800911161
-0.39949618169015
0.920033625319135
1.13882743932315
1.51402292007392
1.40444009483507
-0.260140671489429
-0.22365429867957
0.245905576865694
-2.85785138972474
-1.38605527590297
-1.2528147585793
-1.06600629591362
0.486551808477999
-1.02931673742939
-0.62795195891821
-1.55084029478265
-0.720369035623804
0.241678918101724
0.274682862162415
-1.2814310655404
-0.0809110346884643
0.781818061294772
-1.17706052977003
-0.0019113885609393
0.399926145451326
0.734719603091311
0.784897718497691
-2.36654739827652
-0.790276739850742
0.0294107427943688
1.03982805081828
1.19178009393434
0.544047664491737
0.515308221509282
-0.505014935038488
-0.405341608121423
0.189395522214063
-0.67069180401519
0.262052123949852
-0.890657376202434
-1.12672990034668
0.188068876498715
0.112695587769407
0.0866681061668829
-1.3247310307872
0.64995077285116
-1.19373179023022
0.308310893267838
-1.03901015066158
-0.671514303230372
0.431174641615911
-1.57948826384089
-1.92880107503026
0.651647977890678
0.782272621702477
-1.6476142884729
-0.092998680488982
-0.133884415903975
-0.57173319027226
0.713472499273059
-0.534447808612614
-0.960196830123879
-0.59489493595132
-1.40246358932708
0.0922703677116856
2.19204419638463
-1.25852957225217
1.56937433738943
-0.531767695459601
0.772989237178515
1.89853550061588
0.49479905409682
0.0663513725114412
-1.47671573404486
-0.59868345091697
0.848716306672473
-0.912025761377777
-0.153351814276894
-0.655978652307256
-0.920004611411231
-0.260129040675148
0.877262405768968
1.66609422799687
-2.59768237648816
-1.06450685646522
-1.17781098442962
-0.34618967082527
0.464766013289626
0.880356680580167
0.285188512127224
1.67991620980322
-2.12121545466486
0.0952513286242698
-0.98809824953562
0.930063016071105
0.0738344842210083
1.47715874846337
-0.0881778994016376
-1.41895812688298
-0.178342663423213
-0.576524146986473
0.306905531954471
0.317995604371012
-0.17772612450995
-0.96713006834537
0.583670280938594
-1.53515847859278
-0.0232326818566308
0.425160152447044
-0.0400342834615119
-0.102070788162989
0.191757934046229
0.282537769781253
1.27562574822376
1.30531331791946
-0.824217677791616
-0.339203928288086
0.129909580979928
0.668642848117835
0.651217475543277
1.44152718429284
0.587649335538899
0.460155433759204
1.08728993678134
-0.875225458773385
0.0387155368857988
-0.585280848867187
-0.878582539966619
2.73231336267168
2.58355081403892
-0.288238857230982
-0.674379706276302
-0.223675177100666
1.056957673353
0.155796391110204
-0.210659981314853
-0.0119797675483459
1.26428458948012
-1.80436174331548
-1.16839496825727
-2.24851302111513
1.18081930337082
0.604745038511592
0.0306524016274548
0.791025555292505
-2.20002175260565
0.0589554997158091
-0.810586901623908
0.637125515227889
-0.169475013855313
-1.41996450157218
-0.418400456242074
-0.878941474036222
-0.817775340413812
1.86057205345353
2.53653739876599
-0.102838290455794
-0.260953562080869
-0.943490570415738
-0.451911518984371
1.04989387826072
0.698971257798988
-1.07456902809384
-2.49241063564212
-1.78687758720006
-1.17181914801034
-1.42390519449571
-1.4022302540195
-0.515965761470349
-0.236775166826255
-0.77693177349011
0.0535292808517007
1.45365359653541
1.03712002700122
0.222851706488676
0.0210412013102947
-1.2212946072333
-0.152034221903529
-0.00158781315300173
-0.895450879119974
0.298057596899168
-0.410655189400394
0.3101388901922
0.130894094996866
0.262492448312821
0.688181543669735
1.35435616031116
0.666200781301292
-0.113989982831425
-0.989122974263718
1.24749023694179
0.104909162074689
-0.84212790221287
0.570888843679694
-0.746063214832216
0.496005424798052
1.79296527427835
-0.685239961636898
-0.355836724765253
0.0771280528894512
2.15868618473404
0.336195171572085
-0.0352487882236345
-1.42436544145294
-0.422718476346771
1.31128546367126
-0.19005475580745
0.455755521330331
0.159424439682823
-0.726855949998418
1.69881840324238
-0.152155449735042
0.545750017068487
-0.0721750825220091
0.47055961255106
-1.45340378187076
-0.518562448704632
-0.157424966899885
-0.0174401779841753
-0.638271039589209
1.73388923670226
1.24340617663265
-0.443824827307801
2.01205357662021
0.0918369964584337
0.629382780870519
-1.41918489700689
0.153443402752739
2.34761972980098
-0.378724754695395
0.28424797664945
-0.962943952296157
-0.0105473538859582
-0.254304437554829
-0.705163953691655
1.93469375929
-0.461201213370644
0.77601284449876
-0.645926369044433
-2.26036296761524
0.528324561831978
-0.234707416220757
0.497781207388348
0.377336438418413
0.955133743275936
-1.06149841149407
-0.350093865234337
0.231956217605248
-0.667410368667942
1.34910629030043
0.412059993273224
-0.132532305807757
-0.0387397107949141
-0.895450635338609
-0.855074919679562
2.28538601735704
0.274851512349148
2.27025684952894
0.43122388438156
0.798598456169776
0.78077093833505
1.1849496729528
-0.913489997175474
-0.591402684030773
0.231323480076225
1.20742763998655
0.132155332087904
-0.417488718696172
0.59087084015905
-0.0625718757366061
0.193868262721137
-1.06497354131396
1.2955113634546
1.80448560325304
0.550214209683007
1.96433805946268
0.899059828971118
-0.586539592431689
2.01180524882626
-1.491946742562
0.618621507155626
-0.237029471559993
-0.0746581955219128
1.30513503991236
0.191249166586429
1.54403420709932
0.656247852806868
0.270640486128962
1.10819308344886
-0.72620992522812
-1.54338378421066
-1.05777648485679
0.881561633310058
-0.248120479278916
-0.360712670275924
0.607750366027494
-0.687663307939218
-0.920510197643444
0.441047005985353
-0.426874589627374
-0.107994799644297
0.601430985217149
-1.04668086156239
0.374343245191108
2.36614367692493
-0.338360873993749
-0.0832672806398218
-0.723077950630819
0.289145385883942
0.224243301600483
0.020461084070354
2.25679907142376
1.64216071531754
-1.29089608916735
0.191114035818658
-0.44748899525621
-1.37644810209948
-0.735641944296666
0.594904305478823
-0.880124751386612
-0.202713023170314
-0.876242605291164
0.0699124673526067
0.010123524630963
1.2249369894985
0.133457604092612
0.202599583993497
2.1510492138118
0.308976021706166
-0.55326173404007
-0.0857863891518114
-0.0965638769178336
-0.511206027360127
0.035970153781491
0.0355532422020994
-0.427546316157403
-0.162008064405092
-0.0511898446016113
-1.77901788660463
-1.13935186542131
-1.23560685544208
0.176056303898834
0.482753332846635
1.30543849244577
0.246719042737612
-1.51623988658729
0.848363354964113
0.746697759654983
-0.479306399427297
-0.183434065452215
0.367290300539533
-1.25228547168636
-0.215837422896861
-0.697196951394133
-0.352330199514058
-1.18054316303419
-0.435915734518938
-0.895301570482359
-0.317296284809186
-0.800018947711289
-1.22588380929503
-0.0834031181324007
-2.26192643543172
0.132621290229992
-0.3166313653188
-0.743776119374406
1.23091407015953
0.37642068352905
-1.89576475726876
-0.3806954639208
0.215141825389745
0.175899019421794
1.7809231133967
-0.279158605167067
1.04652773139389
0.909408052765882
0.0107175467897033
-0.576573300883466
-0.229466934922855
-1.20961100737143
-0.444722199964266
0.146890178301596
0.837966354796228
1.00143995506285
1.56388076899326
-0.113806950394846
-0.265627132588264
-0.371122791313353
-0.107699509945694
0.496373921152106
1.46088912790945
-0.351148495031874
-0.543377874264834
-2.19978662738749
-0.877903778205402
0.518666057687007
-0.482663037862999
-0.410461828933935
-1.06902638878165
0.446634882035534
-0.0305827634925427
-0.82621134538643
1.46646841047846
-1.10614916011754
0.161898438641658
0.0487240965308094
-1.28365646165472
0.593088865283948
1.20911937483591
-0.400797263333256
0.0764787877207491
0.201597908932935
-0.202725332424828
-0.0498644848552877
0.846762358600948
-1.8910506121706
0.804628382904344
-2.39096827556707
2.0049190941884
0.576138702453799
1.24216857716019
-0.117100672331546
1.26468586637065
0.581427339158722
0.0209798809920754
-0.362243725660305
0.393356298937373
-2.08342977761808
0.499432506112171
-0.83404272010281
1.88118025877455
0.251623643539059
-0.451655757233473
2.5941978681243
0.541510688114664
-0.256143405653022
0.800147280964061
-0.589540554188323
1.0499142030064
1.30575411662306
0.939213378114676
0.765304138463689
0.000938667053856908
2.0596967368435
1.69628162426393
-0.113977400912529
-0.466280328911851
0.855531139744159
-0.837536554200201
0.210634671156983
-0.961457386177073
-0.0366598577261733
0.758995126924147
-0.631164609431816
-0.544648055085168
0.905795946082747
-0.418483297335173
-0.0661725072285392
0.291605239184279
-0.641893662691033
-0.419821608983401
-0.254764088894926
-0.50479064736497
0.248592281038201
0.262215986324844
-1.75208753266336
0.405593345734834
-1.88194143491632
-0.206906729269765
-1.01906607046894
-0.199709465232176
-0.524612399644796
-0.916634652831904
0.128817772525632
1.19255329145843
-0.931860130665359
-0.368424301582252
0.527776777372111
-1.56659965852521
1.00416778852868
-1.58523393541548
0.820767080061574
0.0931452294046524
-1.63086951072209
-0.166207646952857
0.532451882615628
-0.837759021316978
-0.584481172499804
-1.20290956234331
-1.45195237557257
0.288862678996891
0.0388374788474467
0.136864754422268
1.21958832351447
-1.45341668202152
2.36602695622495
0.29178515630474
0.552602228388613
0.430168313050887
-1.74109132953237
-0.315318113086976
0.363062321843974
-0.0617007557543038
2.51977541928504
0.311367639516
0.383534879045414
-0.896551568337153
0.440654768961363
2.21810332570465
0.428774717166695
0.892629482150107
0.751807273234173
-0.23218500042732
0.2907744218734
0.822490226473985
0.065734467665659
-2.29411555987898
-0.238773135877559
1.4039728655912
-1.21230209109764
1.11780064469515
-0.4716818841141
-0.569044277327097
-0.366400149599971
1.91418762419363
0.247868345139162
-1.12025616751903
-0.275324587929139
-1.361627875613
0.817320984688818
-0.346772838911519
-0.238389866781518
0.0823474395412382
-0.196586752058363
-1.08234238005801
1.17748312312917
-0.866031329613302
-0.788009096985438
0.544090998409757
-0.810897590907052
-1.9803953902441
-1.27801586361059
-0.458304016963488
-0.235296878772888
0.421258614685469
-0.854237664825376
-0.253778695033655
1.6611722915381
0.385134133063535
0.328144137883005
1.6091914136957
0.22563949449183
0.432752191972694
-0.0180877053858441
-0.312193293105732
-0.734420411978244
-0.0693919739971734
0.110720809708845
-0.680976736045452
-0.137132352319148
0.250496754398277
-0.755647450976086
-1.01753512600332
0.737023379472566
0.386774306489967
0.408082461831677
-1.48740359619939
0.0539884323745882
0.551438009447491
-0.691365710907223
0.778136638567623
-0.214832703025787
0.304149111511793
0.251776647544208
-0.548249408309527
-1.60752695495229
1.09340809109882
-0.00979933106012136
2.11318894500285
-2.74083969903301
-0.0912359323758582
0.592940788663828
-1.76915129384842
0.0852599391451189
-1.13521535756182
1.23876627253053
1.52201940728475
1.26794530650617
-0.887652203254
-0.013547493644015
-0.00273345291967962
-1.25838534512239
-0.616349527403728
-0.500074372250476
-0.266493982782952
0.316139808575003
-0.307828221223225
0.0392044291108977
0.52343576098491
2.08284767462179
-0.531812689487037
0.00548536014759603
-1.47067914836663
-0.179709016975145
-1.00833182152775
-0.511791620402239
-1.903560696656
-0.676447268674266
1.38846349676713
-0.0813643398127848
0.359020777132096
-0.553254233891839
0.411003916151746
-0.816792225737537
0.885611769300639
0.461343452300677
2.12322212732666
1.14940100461755
-1.13910124922967
0.487963336945648
-0.682663749700265
0.858018833052701
1.17651705522893
-1.06894623365643
-0.98835618218697
0.48082423254269
0.103028155251567
0.138509081896991
0.350273140996598
0.21275746681865
-0.965826030043159
0.691367946173303
-0.687805975037829
0.396692024565637
-1.37302610639767
1.82597165456838
-1.39991790059942
0.394324763969905
0.878758011178604
1.04206541603495
-0.623980532156445
-1.15998542218943
0.492247886586861
1.19020964820916
-2.13539662246868
0.709817937157045
-0.504465464949845
-1.3339319577401
-0.71449031890773
-0.765970296745249
0.469324871274873
-0.143873254768343
0.863483388382157
-0.447714366255197
-0.0726661829287685
0.633678474296865
1.19161532538411
0.453695999794484
-0.689843086231411
-0.826336126068972
1.58817648544232
-1.5754035183493
-0.402550923512033
-0.0121894645418214
0.106553791028642
0.789420046035653
0.659922542586147
0.457727724772539
-0.164718494957497
-0.504360492431652
1.81418243839268
-0.195920517101203
-1.0985974880814
-0.170227454754608
0.444628174897555
0.840247750122054
0.0303082588100013
0.101222017906705
0.764690291836021
0.302107750541958
0.66536564801242
0.17815906049291
-1.01059649705749
-0.220933829132322
-2.25441711106654
-0.646131216141149
-1.21885040375872
0.850888757353138
0.690612436831315
-1.64227011339909
0.857394293249003
0.221046515152028
-0.3174289411748
0.540668777918007
-0.551263350891228
0.268954334598062
-0.835292876658432
0.378854983108392
-1.35460355994085
0.0657048137452248
-0.591849379130234
2.53137378800703
-0.0114353071881462
-0.603233993498938
0.975830071910083
1.59650670933231
1.3389991363692
-1.08218044009393
0.432621763595675
1.65136328624809
0.649725821772083
-0.462942124462765
0.638357581870438
0.693989371379982
-1.12871359270017
0.350208342039729
-0.809010290970365
-0.901774069477712
-0.953440135195426
0.449294049521538
1.19043652667533
0.877349943878786
-1.28486035843729
0.770818484503263
0.259745862970572
1.17277020916508
0.173873935168831
-0.444408601856275
0.0170190883789473
-1.36215495815026
0.438451167313811
0.0792932728144784
0.213898529693584
-0.693047981580693
-0.200771946230026
0.658478522811518
1.53087372088105
-1.25847451528883
-0.273395085037747
-0.120657437213661
-0.19441991889841
2.34723191308136
-1.26401698886901
-1.43504534753946
-0.305270282803289
1.1096916678529
-0.294850807819198
-1.6877678790353
-1.16256806618985
-1.16333955094451
1.60439356730968
-0.315089110192474
0.346623363470259
-0.178383119105789
-0.794022392221246
-0.95995561058793
0.425886897491646
-0.105186509994265
0.355380351845012
0.141439044133599
0.413924668270137
-0.599329055466258
-0.122936134303252
-1.44864443575134
-0.633587403292457
-0.361958145041879
0.176631356764938
0.474148496241186
0.124608284049863
0.369344676651794
1.8026067677609
0.16811829561023
-0.995036637937025
1.87945932982761
-0.263349913728174
-1.64275390870954
-0.811659382446715
-0.00696075147385409
-1.28763294311042
-0.158733416615826
-1.61366049917342
1.1435502004012
0.251646719314276
-0.0714704745598608
-1.46839167637546
-0.882374692761514
-0.0949898069941559
-1.61048722528578
-0.718754868055779
-0.925899817977386
-1.63803590651345
0.633147512786062
0.174910229167342
-1.6150199958984
0.542020912282768
-0.413338573137574
-0.814286532436803
-1.21562259311223
1.840240012638
-0.177918271539376
-3.0145672898184
-1.46787154418381
0.0732816269675077
-0.560888705442796
-0.90754946880327
-0.180137502149222
0.572674534105409
-1.34020267299282
-1.19555006693276
-1.11520908029886
1.01020308374571
0.299154197498594
1.22960622364446
0.303422387426106
-1.93926886002992
-1.25743404646597
0.203837577548018
1.75520980724049
-0.686755863015449
-0.259490875370339
1.38289688185028
-0.40283078776593
-1.29931152739878
-0.132369873410021
0.490917844739414
-0.274779830732872
1.60682186166332
1.90863802273683
0.611285747606324
-0.294329466067651
0.678884905288266
-2.37525281236921
0.55755853273275
-1.43656522176137
0.333817267986994
-0.398539651744527
1.15987189532805
-0.758241383189848
-0.101405823300917
-1.16174412597162
0.665386980363387
-0.618002184771382
-0.718076213270133
0.990337517984099
-1.11334420090918
-0.822099643835512
0.134964233724298
-0.813304895956612
-0.842428655449938
0.122874702475544
1.17800503559095
0.360856267572607
-0.825641281425158
-0.807812185150688
-0.0127764657435734
0.98431785206465
-2.21388873276717
0.322066963809979
0.303349379435776
-0.64423981036951
0.900878452155383
-1.26304446493426
0.498627082191044
-0.819964862178135
-0.037115552159207
-0.710622868471527
0.240664039246796
-0.211064608741796
-0.830162805161314
1.08894397392747
-1.75942908900946
0.0933226413531798
-0.711110092716859
0.0982694320591814
-2.27196912189893
-1.4573868667087
-1.63895465863073
2.01050986128888
-0.549337786108282
1.09047174410674
-0.214555737169532
0.703915996998011
0.187272141322179
0.155150912880919
0.61273949829879
1.44140822501654
0.210347720378294
-2.22766213343846
-1.81354702125203
1.29227452589172
0.333676953950242
0.737680508674691
-0.923932395021833
0.75091051749089
-0.653940253504813
0.623465136192254
0.667318513469308
-0.090104607476387
-1.43198440935765
-0.276859160274141
-0.74564728104024
-1.22274014004023
-1.53978183198863
-1.85924679492463
1.11448590062642
2.22991093003288
-0.242493302251053
-0.0712220770475069
-2.46344654771948
0.457145359925154
1.9061765318169
-0.429312311791891
-0.154748186990906
0.882692715363556
-0.173219177507264
1.37564423771264
-0.681893366651767
-0.310509590439347
-0.567208883779069
1.06638685178409
0.593097137120534
1.00910753158705
-0.74794986665684
0.0502623678995486
-1.20206312428007
0.459594411796153
-0.615314082198335
-2.49490081957556
1.17555257308511
1.537180030134
0.211476463504005
-1.31642480263158
-1.28611902329257
-0.104376965861243
0.123838984940221
-0.83712780970023
-0.863722105519883
0.00420188409461744
0.235970399577794
1.6214757864903
0.257037146106809
-1.61580540424433
1.46190874267149
1.3485315383293
1.18103645685744
-1.20051430797414
-0.199513376973106
-0.994715328257144
-0.183983068365878
-0.975264227359781
-0.175184593448836
3.15977566738943
-0.0534827268616668
0.647760186611915
-1.3712181572686
0.687754176747299
0.021886924838585
-0.142518951265744
0.974346480010761
-0.621855248386479
0.204463881553009
0.722494242102721
-1.19919607943964
-0.258222380166112
0.410398764053177
-0.915505450837996
-0.238847449868269
-0.0407634472244853
-0.225950714428943
1.01610305438224
-1.39467080512486
0.704794012397988
1.77983833763282
0.830134848035833
1.03246614067568
-0.773934647859339
0.0641804865949896
0.657265406561637
-1.19763767705464
-0.844260783053557
-1.06567279546221
-0.274268757564578
-0.578743519968643
-3.07604682115981
-0.386336280813241
0.61102754146307
-1.71873685057641
0.812114143591183
1.39042685369661
-1.87521272824298
-0.934230523854469
1.54109983381795
0.243813419505483
-1.91342075598937
-1.48111978164841
-0.880798767008172
-1.25587713103594
0.32612054601205
-0.308658785401084
0.409516270948462
0.130737784809425
1.26248063656509
1.18474864658197
-0.766306371380494
0.43997018009728
0.184349730557808
-0.287671376595461
1.07114521098932
-1.08872433220599
-1.9043511547881
1.59476361481241
3.04504016476138
-0.193895271339133
0.509855767378078
0.144472999117267
0.559799474565047
0.147457692055709
-0.926922519453996
0.194422591326189
-1.89726001927105
1.49027919477667
-1.21349917837059
1.77200993606992
2.58408063402749
0.767378900272899
0.868548986934298
2.51474945516635
0.0237987865189288
-0.334946337665763
0.0461533135764638
1.74229830050547
-0.336372832480624
0.95977308782048
0.221796995485424
0.277932124266029
0.0497155040507891
0.6419574696111
-0.933970593305145
0.93357803033834
0.642941236990553
-0.477340379268604
-0.134472053360353
0.597979959351703
1.10245598378443
1.17454913203367
0.180419974909652
1.63632643749842
0.114271147804836
-1.84173042004697
0.366931672253072
2.10283009272603
-0.468385569992162
-0.583067768193945
0.264686176074601
-0.37009414658931
0.19110961426541
-0.683392742255648
0.532877825073624
1.11872430379056
-1.07295291150016
0.372720541190077
0.522882808311436
0.0358344295185227
0.473072126172797
0.841712974037307
-0.213990705630386
-0.0936101079406764
-1.2654129477336
-1.15586245059642
-0.611497648629653
-1.46370928692192
1.24384618153467
-0.0301200944720662
-1.07817933652851
-0.69363644437705
-1.16744658269039
2.47698170840627
-1.34300731795357
1.10030206431039
0.320459962815918
1.15694318890908
-0.29904304432374
-0.773056733724368
-0.17669166352658
-0.86978661300082
-0.260093199356116
0.442722055549186
0.354448752009871
0.392406101045119
1.22678968350086
1.09216785091348
0.366368880664351
1.28748288667452
-0.901433426477503
0.681606241963915
-1.59392872942816
0.907435200335165
-1.10254217013409
1.70302188598532
-2.65962211554743
-1.13874787701706
0.674929648364533
-0.105819512023698
-1.25588938752428
-2.71122861469069
0.504636050182078
-0.493198004735869
-0.361691768863584
-0.406639941738564
-0.48836567453142
-0.0634329405953705
1.19708056916449
-0.1212552303449
1.33011840849353
-0.223549456413435
-0.30927476296064
0.95419608653739
0.0402775166322167
-0.383107230554808
-0.292898516368895
-0.883726446493061
1.57179655574313
0.368600161290143
0.0390066501320052
-0.381416339129891
-0.898750997546038
0.440646013429757
0.596148290412088
0.528319297922938
0.0673920208142899
-1.49301195369412
1.50110527566048
0.0818960840714298
-0.71320256180487
-0.262225363033451
-0.239096805874969
0.816109193785252
0.495935037361164
0.231895007866248
-0.199490696542876
0.352646701029201
0.76053016397296
-0.767053005502655
0.643572903235497
-0.381048022518016
-0.158125883366039
-1.33908477336592
0.197426533491221
-0.740770231934117
0.773350171773016
0.398040040743654
0.493018638613781
-0.41862838797735
-1.25064472778626
-0.503889105783878
0.39121524945377
-0.542326085244059
-0.879805177458309
-1.39379567934933
-0.545535963923479
0.918771614277376
1.70816534630439
-2.46604317893321
-0.195908878056468
0.987643083337659
-0.478079089331497
-0.505566787193723
1.57054074604571
0.920057282946959
-0.561779994916181
1.50957776913136
0.787960944779746
1.4857285888397
-1.23278890445813
1.81111922674314
1.78419553343247
-2.16592590167871
-0.09107676168425
-1.26411812082257
1.59187873870222
0.148875958213622
0.264679332437488
-1.39615924367399
-0.792197342696451
1.2787942327093
0.181243652278219
1.56639085675333
0.681730432691198
-1.21197655123661
-0.957568287170501
-1.78708605675146
-1.49107177104502
0.414604306692289
0.573501689189008
-0.606378814994442
-0.0982657905166346
0.726825455520083
-1.32018711956931
-1.78988842648011
-1.3945162024589
0.501819294640891
-0.221262257508646
-0.282599089114255
0.400141708074446
0.875222612116599
-0.02278736021275
0.573487375342217
-1.41769217088272
1.91566807867935
0.147150504714009
-1.16262722991241
-0.792625433714693
0.592813553552975
-0.370577376147405
-1.40738957613325
-1.70972592849532
-1.00204665396822
0.752228122770791
1.35645942970622
-0.941434738843769
-1.56929430449354
-0.0746301177299853
1.11652011514871
0.810763661677034
0.25821663680528
-0.0502200135506695
1.37571131461846
-0.171378754128277
-0.0394313185943005
-1.94102701298404
1.30674889620313
-0.512170194781784
-0.356041367500868
0.0547217834191499
2.3372973212566
-0.273645774042897
1.69970400859099
-1.10540972910049
-0.0669130677268802
-0.360800468925066
1.3401821226313
0.11193591351841
-0.801390114204884
-0.00124567628802406
-0.845557327536495
-0.443014512686389
-0.496500254366745
0.309240707402738
-0.263196734421235
-1.94086002073106
-0.41243979620194
-0.784436586241334
0.987707638409804
-1.18569462355283
1.89002075079598
-0.401576424206535
-0.14548184995638
-3.09918655990532
0.757238794884076
-0.231061124370027
0.210659185411733
2.32527861068039
0.0203290568387339
0.156136444752772
-0.847679569924388
-0.493252144611006
-1.56858759259665
1.33274745468936
1.17360613012115
2.03741522533006
-0.852605897146756
-0.57478292119104
-0.30163648712762
-0.629186416346264
1.57115341903868
-0.73088483303337
-0.869894500236284
0.9173001570203
0.478128825904271
1.0483950860821
0.143463641517381
0.127480680243105
0.159285796664449
-1.61803977517315
1.03463027675299
-1.71707249408369
0.250212928358903
2.0702308207119
-1.01403091968665
0.308245685582227
0.553913363125328
-0.649408782094956
-1.88026466470793
1.04201021502084
-0.353387815669127
-0.468314156586298
0.264665805482901
0.721905071903193
0.489922002194402
0.292491261701301
1.26236845617451
1.9275140613859
-0.818506099401442
0.226782435572167
-0.471846325592581
-0.46253255810007
-0.21919184551991
-1.32120858769949
1.85405288664446
0.0384634211708473
0.717237609054484
1.05450093674543
-0.24109746634142
-1.907354187338
0.409073480895946
0.356786400263541
-0.417386047569211
-0.468817646231055
0.475047827428089
-0.514157349613771
-0.84291559127731
-0.527232798998679
0.594937292752375
0.407031056199357
0.26019676104987
-0.8899394812372
0.379525967492365
1.30822049364849
0.127084563232017
0.897639617632723
-0.0771354580821066
0.326563243825577
0.598284968392775
0.619345677519329
0.733202609129113
0.409511771042332
-2.23020130267378
1.22490031334649
0.705183750792199
-1.40174122107237
0.588241537244002
-1.66805405946983
0.827607424711916
0.119486716290799
0.168513087066958
-1.03432475523287
0.508177940685512
-0.0685750992923523
-1.20485685152544
1.07926464591208
-0.664168936789691
0.64780763677146
-1.582039449298
-0.143677507204454
0.166690871111792
-0.852842666284759
0.363687938654789
0.899441401352264
0.10655405208959
0.362334958135738
-0.018354959848521
-0.322791574731346
-0.158518044711545
0.532654026250949
1.75761651405405
-0.645843464085671
0.884180383737625
-2.02467857679197
0.443993985944044
0.785425349198639
-0.053780294450077
-1.03304570253956
2.22595110063859
0.993130253598821
-1.12286766030687
0.640564306989796
-0.324041706394582
0.0946065222009117
0.609597581578116
-0.087040946000808
0.118897201401096
0.0599646419230131
2.26831129209554
0.0878744062946845
-1.05078173821067
-0.821401712184375
0.901293621636716
0.327351828589786
-1.2624793586487
0.492315356286067
-1.42923073560281
-0.247414761853755
-0.263928909087858
1.14992783786071
-1.29842502362848
0.634813290576249
1.09238935681956
-2.19548989804592
0.276807464816325
0.741684950847161
-0.767582002761805
-1.35046332977222
0.776391024412255
0.973233059388514
0.927038481291691
1.28047182739257
1.13741208757736
-0.253415832822214
2.11556711989175
-1.21519170981339
-0.736499559627372
-0.129290307102178
0.532839333606641
0.95791927245083
-0.889014337847004
0.45633549463683
-1.06069669574178
0.561453591369796
0.544149539339398
2.22833944931358
0.407828553190702
0.988939019539846
1.69555960434722
-0.466931843889235
0.727516303286632
0.584627937948879
-0.461576555467825
-1.96304388945536
0.545437019686939
-2.5806051802187
-0.958720402137436
-1.0766049398251
-0.180918626464031
-0.306430815747598
-0.124477880016357
-1.47205968095753
-0.907791073427454
2.11654358249843
1.61952886126975
0.329932055506613
0.26896882226896
0.537883262781049
-0.267880375371753
-0.156310410388792
-0.678916011775214
-0.72092722767987
0.181445641152676
0.813769291301166
0.529272898782708
-0.980232432365313
-1.52788185648155
-1.46948342449879
-0.851798435173546
-1.28639270852327
0.807307164578209
-0.1608766778285
0.133555025838943
-0.171804533949456
-1.12824515880353
0.815457473393395
1.22246722328699
-1.25099922263919
0.199838501899595
0.438489201412211
0.165796694743548
-0.530103931658404
-0.940073213831619
-0.487904797360325
1.23647344409149
0.307055437489401
-0.1322219001195
1.81823421020309
1.54444113334692
-0.273987150604099
-2.34270163084505
-0.352542038500075
0.131217545891338
0.131371741155532
-0.57916388391003
1.52201178688211
0.23173519889334
-0.549441733228277
-0.248557079142658
0.212871852401111
0.912452750048632
0.0535407088522028
0.761967449508213
-0.354263126327812
0.308869399975624
1.61891392849676
-1.06108183542956
0.30129764925424
0.754746710456007
0.244609816124499
-0.00708947488463219
-0.71814482475268
0.857747365296979
-0.997562240639513
-0.543897169831773
-0.0735333879577367
-1.12916086528331
1.08239330815559
-0.550353909061138
-0.102073469731978
1.4460376402446
2.01231710901913
0.570749901130558
-0.656764893354053
-0.554322686362416
-1.55367429879882
2.06629390958218
0.640441363004114
-0.571357085052228
-0.115880746321973
-0.363840082051632
0.795043897006344
1.02877345711655
-0.318939917167384
0.427701486172946
0.517895241036666
-0.74676198326866
-0.0631523032642005
-0.620631545965809
0.00794888504945021
0.495397231988065
-0.476466480116505
0.378373176090122
-0.0962439602409807
-1.32977786747798
-0.446224016312282
-0.191180615714719
-0.236843367764752
1.03243232988548
0.860724686392839
0.160862529153977
-0.92902255043009
2.05210272330032
1.6410275498108
-0.4249277987913
1.14329755749877
-1.10634154466195
-0.125315186481219
0.418120250696923
-0.103104615103402
0.757377081801082
1.47709324853004
-0.674906836051679
-0.563272093155503
1.00944693040693
-0.0764376637344721
0.267763590206263
0.719445972951775
-0.75132478696522
-0.368936489069765
0.347791778102967
-2.15616368047719
0.114743441705018
0.928116120047154
-0.672905379724412
-0.145583655662398
1.20732155292772
-1.27462184952508
-0.555496469622314
-0.671590300865703
2.06549950382929
-0.126296249182014
0.668328887935806
-0.0418889890284008
0.228372705804148
1.35047461444266
-0.645958296673082
-0.402767680120097
-1.48941973858934
0.297528705384969
-0.817364524540928
-0.20312124697063
-1.22586289402537
1.19463924437063
1.87042348285999
0.884916107150564
0.279492286770933
0.898279890226029
1.59390185341013
0.998351796774609
-0.0146918163536756
-0.558530403639022
0.344351164965561
-0.531538512877613
-0.223823738986144
-0.870638926022804
1.03224650164377
-0.400886465024378
-0.601976538018728
-0.184738584061221
0.318120292558332
-0.537305995286765
-0.61559482593636
-0.822806179302004
-0.864481331844122
-0.241522365592711
0.627718204805872
-1.22242875463808
-0.164746663527686
1.11147071748815
0.378499621622794
-0.241943979652631
-0.124478039328712
-0.546681942103086
1.68458013507357
-1.62408929832251
-0.620067599854239
-0.974667749127167
0.571878836575948
0.0588926201556641
1.14083746153414
-0.712913788892205
1.49428869534882
-2.55297345506025
-0.111740629899344
1.47555295004888
-0.527484964102026
-0.195505781164945
-0.208514659093952
-1.4349744808228
0.0243573212163854
0.222547390889866
0.920457358424292
1.12131213325357
0.189467490626769
-0.40121478002078
1.00113848406145
0.170570913713083
0.158301967558983
-0.371310167629311
-0.117982937465664
0.653954803072641
1.0767362304442
0.0356057471061348
-0.543112942123348
0.478780312300629
-0.681477297740149
0.202161518420449
0.680592858481944
0.76825583738872
0.3352951001646
0.651213925847493
0.347777981231091
-0.439675025469495
1.15107661552828
-0.105237984418359
-0.953902723571446
0.0831981818693131
1.61482289267825
0.292116502374829
-1.70541780139591
-0.106046303658951
0.576372348470777
1.00264705115293
-1.79334639627619
0.24319531569097
0.133334429270421
-0.490802509032402
-1.5921547535719
-0.868877567481392
1.01801538467722
-0.366842611865357
0.548698839324521
-0.0587785810804507
-0.427399205580628
-0.375742810939181
0.563763613744322
0.651120423752376
1.27269280661869
0.524193435481718
-2.04710447027603
-0.99930760669768
-2.00667701555708
-1.31765926639425
0.734144937911789
0.03928473840968
-1.3038544893231
0.658653625680212
1.09373135407925
1.15179568748649
0.69954242980303
0.201299599390615
-1.38232515932762
2.09923467118071
-0.560552162347993
0.892649320632866
-0.0680892047244451
0.897188791430537
0.548655169967245
1.08146398337172
-0.652141973935208
-1.40126590969972
-0.55876157667457
0.784815160284969
0.445323259499843
0.587616598458892
0.579957628351802
-0.84290256874849
0.0059490010386855
-0.0531473229154975
0.111832711708665
-1.86172066678201
0.455926048460609
-0.953697331198721
0.897098039575354
0.650831202000929
-1.36539133970301
-0.114003989010358
0.299175976179648
-1.31422205763554
0.00263660091073038
-0.525581636352366
-0.954526953220702
0.927068581217654
-1.34888376637191
-0.517568304160465
1.63342550355211
-1.39960959636727
0.0904410049983344
0.769523553497644
0.646439875678926
-0.990409384743267
-0.741378412847023
-0.0591640293235566
0.432253191330969
0.920034983995068
-0.499491262302536
-0.280761843542263
0.462267346626515
-1.07684984711718
-1.9250985389174
1.4964731256831
1.64567533567676
-1.83141872431296
2.27852765775105
-0.801399608467643
-0.817400236963931
0.0388717837281859
-0.904440083024359
0.381256811521613
-0.118787301893916
0.24673445588823
0.666032752769286
-0.82754925529
-0.301214403506724
0.928233696726868
-1.30224110165003
0.103852677499292
-1.07965069859956
0.131365059461216
0.331774053147724
0.28728025730279
0.257422338507799
-0.548684441329634
0.611252096839599
1.36568257417927
0.681311116446577
-1.24107071578773
-0.126480622266641
-0.911229596394268
0.84579175833804
-0.0942713682828212
0.729957763732569
-0.970146945893147
-0.780062386211917
-1.51891324946694
-0.86264036410332
-0.517690896211338
-0.811554134306234
-0.571597306734325
1.28463613538498
0.254884526876647
-0.181459341248276
-1.03715355216783
1.12155750832447
-1.25004098940495
-0.664891280397335
1.46624624172809
-0.089296318296158
2.47020536177963
-0.209132781359932
-0.608736040963632
-0.15606857880225
-0.34791542873514
0.334553334389489
0.741993577400399
0.79258664349652
-1.06725743242283
-1.57013020248372
-0.666587180354327
-1.94273820189336
-0.361604342778797
-3.07647583381251
-0.125862238980564
-0.0901566222402834
0.0294038098348406
-0.83631277981538
-1.2044938112334
0.609019823046233
0.0696726725516617
0.926859099161246
-0.674638793786234
-0.533558228505419
-0.266173618815771
1.70654421811437
-0.498596237693313
0.0103333656364151
0.543217012614487
-0.125049289172325
-0.817840998732519
-1.44458937087306
-0.311143626229343
0.568868488380131
1.38630531465376
-1.33073107931354
0.187010173497888
-1.29287300023366
-1.47464259657596
1.31221495296521
0.201236798878487
0.0765550026995942
1.00625463237093
0.642194140692161
-0.726056853585512
-0.0341809422647988
1.11930329543513
-1.73100120585699
-1.66525886273788
0.979783262363839
-0.628630272853351
0.726477029635034
-0.62310599793929
-0.344473345909291
2.40891283373181
1.11480450453398
-0.372147992209767
1.01206562524084
0.02978513134083
0.913419764676902
0.327646359896254
0.21922145631881
0.976351813466331
0.996383048532994
0.499259076716842
-0.0452153317667403
1.78484036205661
-1.05764187565917
-1.20841141568333
-0.581273332138522
1.1678141829591
1.06562476883872
0.41998205733133
0.186098579177825
0.456048789226458
1.24367893425917
-1.08863857402878
0.389276081505601
0.303026319576439
1.2520428251894
-0.424169965850823
-1.30817652160904
-0.16287332252921
0.0647893132058585
-0.718351620198286
0.953861600028449
-0.121531983692833
-1.03797729101717
-1.38514048773454
0.989552372702256
-0.379601769424296
0.369618186732377
0.731373531438533
-1.32344895678131
0.145290550028905
-0.475749963007008
-1.65052232265307
-0.661933952746371
0.0742306896025371
-1.29183009266054
-1.82931631147996
-0.616340702123763
1.20005537379561
0.197028258705292
-0.281281318343887
-0.049753529465614
-0.168657835688337
0.247554540438008
0.100713813213623
0.372226193155315
-1.32899415453712
0.610648449675946
0.861520495836213
0.355426918201373
0.908344654534946
0.138591053436437
1.37018075615465
-0.995376168025539
0.0242060829313915
0.661383400174136
0.708762499471302
-1.42357963993731
1.04172777731327
-0.393698252605549
-0.555876966149818
0.674305331995909
2.03500690346797
-2.24698831649842
-0.627707030585876
1.15205948378734
0.528405389113081
-1.86356492014378
2.35737991236138
0.905047709404256
-0.153140789242356
0.510533721493151
-1.57061929805236
0.190063925101932
0.417931191656394
0.717778463386677
-1.18996792660905
0.0769927863415851
1.25979721934958
-0.154675675909554
0.484004974039067
1.4636601090215
1.01045329279143
-1.28782181057574
0.94771186627033
-0.485695154688278
0.204793804670691
0.69376049236252
0.213795309621009
-1.62323697218521
0.194000514646595
0.704732611995531
0.715505651061623
0.511904986363275
-0.122062317396419
-0.583181431511078
1.70743774263575
0.735509255916325
-0.746930884365892
0.436427093745517
-0.447300622041151
0.105086682382062
0.524560543412555
-0.268850700535977
-1.73083532140445
-0.138144547366598
-1.28539502649949
0.338098090469591
-0.765085985210226
0.99838752914248
-1.91826350626194
-1.12375082823781
0.276817705634431
-0.339446624166479
-0.391551914479743
-1.48047318511422
0.10268766152181
-0.433262765416193
-0.338102392303439
-0.365585596911427
0.565012965559789
-1.5098055844455
1.3259573311068
0.0390024720730913
-0.471886380607557
-0.36326307678855
0.118247485887057
0.515478941524474
-0.275396443561714
0.237284545447918
0.915956257846084
-2.54457625272538
0.262815078546839
-0.180320948126514
2.73487122045491
-0.469745706856215
0.727337394086071
0.948676390447256
-0.689908881496878
-1.26569152658739
-0.271739001800834
0.0764938754933272
0.797058914530118
-0.491419361292401
-0.338079369671336
-1.16485149258545
1.45235469107998
0.407569396155521
0.359472768166062
-0.59065246012288
-2.80969105032113
-0.197348969996989
1.27464969737465
0.395211655773106
-1.35664382495121
0.746878945339199
-1.41330991580769
-0.423023083619952
-0.00119264491919431
0.710416499898625
-0.988992819046851
0.125101979989081
0.331084193871482
0.626564620681186
1.66348450721787
0.701566233797472
0.317350832984955
-1.92940361755947
-0.912474080516712
-0.86204223797124
-1.33503927975905
0.356177197866501
0.153508034679409
0.293384920418674
-0.337453169311434
2.06789447666631
-0.0811307256020211
0.676982708335167
0.816661061221316
-0.0532914528245897
2.9527249949655
-0.773843399654323
-0.709699681055568
0.290412887240087
-0.530265738302407
-0.398178335514906
0.165139433162885
1.79563939371402
0.231924873685416
-0.361761760064607
-0.391230331884824
0.836406065542311
-0.91447283120718
-0.193766282465309
0.487431210093252
-1.35742304303473
1.19236234795637
0.150481757370433
-0.977143536904317
1.08639242676012
-0.0567822768868506
0.386877608590685
0.802352165036217
-0.821955291584108
-1.9663696650554
-0.955479300809689
1.07883215883958
0.0379991341593905
1.25213627902692
-0.498991641066919
0.575685056489567
1.1709732846553
0.565441606075103
-0.399206268201119
2.06298682088576
-1.47253812702271
-0.394136893339793
-1.10196765706008
-0.63885996459618
0.0711237044648373
0.335934498668065
-0.854113894066906
0.559039780777152
-1.25494864691132
1.18434008121917
-2.15377425891579
0.261475867482962
1.96712027787415
0.26692152873658
-0.742623509163914
0.564181263408891
-0.417115172460519
0.535965191511416
0.861094839052818
-0.48706462847524
1.69501378811194
-0.241866564115282
-0.762644117616961
-0.0216237870165478
1.3133694382225
-0.258870350880674
-0.676016307626806
0.330751161021926
0.408492832074057
-0.230601635710424
-1.70892688535196
1.29527145190987
-0.923176172608787
0.383636075900746
-0.519464076873367
0.381167488342317
0.093600911627297
0.764154935966379
1.48111750259948
0.924088223384125
-0.374654645910975
-0.622824145516325
-0.0995905503369379
-4.16743250674967
0.278642520293278
0.748486004963057
0.173135827651462
0.276903604861083
0.711682279659548
1.21238343798027
-0.253784124333791
-0.117543027465971
0.677959865757935
0.342122191121846
0.078016575720231
-0.746714715772521
-0.532034386461533
-1.94256916169823
-0.278938416666304
-0.830194080749564
1.19192864485328
-0.567861288209761
0.190269878888997
0.468139851756662
0.109616942381329
-1.96800165861039
1.02068369658407
-0.0722814786340803
1.49476521976106
0.0519955296655753
-0.684814241884622
-1.17906784810933
-1.35607562171427
-0.320720177856775
-0.571839759293923
0.50537527915688
-1.29967756356094
-0.985308429683481
-1.10565866814859
-0.588533856543703
-0.540151339397936
-1.66066900017094
1.90828449702887
-1.90579594294906
-1.30650395831221
-1.37550475779565
0.287634466138856
0.171023396690649
-0.617534044631289
-0.429717621521182
-0.866225434825967
-0.107251356106891
1.92081383269527
-0.958994454221337
-0.980709785358275
0.456535777608513
1.73944398897312
-2.12841021538122
0.377359155364387
0.455468985633303
-0.346005905669357
1.29262403222582
0.817210672033216
0.214689496539341
-1.39808982159653
-0.107069192393408
-0.311790118791576
-0.0272237784716883
1.29033081662943
-0.261422055652096
-1.07777235101888
0.452468865031548
-0.289425060866567
1.07974561553157
1.82864511122434
1.24050711326875
-0.698157380428398
0.858249389158504
0.79017140450489
-0.354843916338387
0.0673653387002435
0.4151081928019
-2.00429736564254
-1.03096342868282
-0.153099700841639
0.124504139311542
-0.566866649416953
-0.578974549683852
-0.238738756444579
0.0774524314983733
-1.4365055453337
-0.772433547256004
-0.943085856198858
-1.15584250326935
1.55819218397318
-1.47188686104623
0.19959209301991
0.073918474763499
0.970163649230049
-0.259910320831409
0.15573602439303
1.27800342747609
-0.150420404281801
0.209601842142677
0.508754889227959
-1.23404278841041
-0.690303272370313
0.221211447597388
1.14449730928174
2.25778368566107
0.798080460934862
1.97706048057518
-1.44866709124431
-0.384606221782589
0.499212919683637
-0.387917769319863
0.0972450505334588
-0.776949875995403
-0.557122762267803
0.813001403675184
0.464369209150537
-1.30562803627026
0.510758757598381
1.73411175209406
0.749785747721004
0.451079385564644
-1.39241598743911
0.46050223565627
1.5752023693715
-0.948078532295348
-0.521247164571051
0.0955010854948947
-0.852583293489843
-1.20979799501789
0.290106501667562
0.463797636695023
0.237496347486494
-0.633670295482856
0.812283159953522
-1.3469905996733
0.1879220614815
0.279964960870394
-0.342017842469278
0.339464688512598
-1.59639988543728
-0.728842599029463
1.14924317786624
-1.23300456516169
0.244294071687293
-0.356869439479911
-0.647246456094008
-0.540821476612364
-0.746895040312604
-2.16181386547239
-0.189745751472
0.338315889937
-1.12826555160445
0.419604127875191
-1.53912636718427
-0.125585587568999
-1.1149615080614
0.284212158681414
0.999143839104658
0.298107771823658
-2.09284381587192
1.91644918995729
0.146740764127987
-0.439740454936829
-0.431960131010443
-2.18737063194858
1.3920449379458
-1.65240705822553
-0.112827854699472
-1.05255546479352
-0.831989705801243
1.5767258677912
-1.18791883090267
-1.8504277849322
0.247519997013586
-1.2831298472914
-0.456059874246421
-1.01722832391215
0.245273238091362
-0.127665211312565
0.00287625625681805
-1.54563217612539
-0.518932399126205
0.229932250776681
-0.448749457829046
-0.370677627695964
1.26044464850915
-0.569256958590795
1.57333928787961
1.58770282461513
-0.18939999296441
-1.37701275119324
-1.38863413688544
-1.25497249956802
0.16565109449056
-0.184368467385094
1.13033497382391
1.04705820768335
-1.1485891536264
0.169727945213296
0.569340946237445
1.02266182731098
-1.34577863326721
0.241553986154009
0.290507449602314
-0.323699717564801
-0.536773440813588
-0.889722850828775
1.49220432621994
-0.438210306212279
-0.442070626313804
1.07984037541411
-0.224584096431246
2.16796265031041
0.492053082974463
-1.32539591705852
0.1563092124522
0.416307746454583
-1.37851893987351
-2.40036237395109
0.92982729697422
0.967687976928177
-1.1014251186876
-0.882130061833414
-0.438598611872009
-0.654011032587321
-0.419266093486201
1.26506741633705
2.42677722414529
0.0493975268838452
-1.24178500512315
-0.627557624998042
-0.653266067096047
0.871670707182414
-1.10231515407833
-0.661010764222782
0.867726356351819
0.397977879261779
-0.500266645358463
-0.296544237708651
0.899914096846202
0.0230059341856228
-1.8492053169666
0.291188305538159
0.943941081737481
1.24396592432152
1.25607591449541
-1.47410084879299
0.267318889988759
-0.15618401232519
-1.65489688775467
0.901951894897344
0.323691868809259
0.856803578735219
-0.383028485536909
2.02774095528442
-0.312258408099696
-0.857531436666668
1.34274783205128
0.803692875336073
0.281698759105653
1.4973717070861
-0.842328447503442
0.617445977564574
0.262515901644258
-1.34740188141608
-0.0188444606685369
-1.40166321239304
1.02815797051406
-0.0277045373169166
0.936226667589612
-0.910949502127588
1.19458923875885
-0.199762779461442
1.31818910441076
-0.970468049097718
-0.331536645708121
0.71919744695311
-0.0669126509648408
3.15389655814531
-0.129798260859114
0.436538908657254
-0.533516804362286
1.39006476378825
0.332530907505841
-0.282339720061259
-0.325692324522929
0.114479896844525
-0.399159511729645
-0.719546377468266
-0.195759285341567
1.12054516138165
-0.994493233103733
-0.297433512459415
1.96773957096077
-0.114963784846523
0.0509936406825088
-0.462042895851606
-0.162021062506044
-0.432384858767508
-0.14539938127181
-0.616791207341214
-1.73835324263317
1.10253079682315
0.958373199279973
0.341880644681641
0.407909233438938
-0.295055874981006
0.225588755636256
0.204103488728569
0.226989431729223
-1.64101165795808
-0.288266403473084
0.921054430492962
0.323320907250019
-0.430178712429536
0.799197094611426
1.69148315819938
-0.922356571598555
-0.128630432606271
1.56193929010585
-1.64026440963697
-0.736234535320569
-0.552595519370891
-0.76139199609616
-0.5560164295849
1.38379932383225
0.274803550938584
-0.540754240907356
-1.17194809357022
-0.481260963122986
-0.719989291098502
-0.808235664281207
0.873331695355462
0.882865949065665
0.232691245287382
0.110925057963302
0.585995827895903
0.22166242538343
0.68792453258295
-1.51221173162806
0.914222749398901
-1.9423725476612
1.83558854952561
-2.61985482016727
0.372843914659838
0.321690328427884
-0.116898616428292
0.45772412650299
-0.445884083326238
-1.07074801357453
0.242033924037754
0.368679783467991
-0.201816448500725
-0.239110095597312
0.738949854418402
-1.04264786545935
-0.0748427407270477
-0.000680792002014349
-0.602328064462367
-0.0383398530765223
0.197410009880548
-2.28842851573119
-1.57307652216601
-0.625541021679334
-0.259684594871989
-0.207098325147855
-2.33403657775867
-0.774079354767739
-2.58659248619686
-0.584263050963562
0.583222195632898
1.74494578845906
0.163548197330144
-0.611436364567435
-0.628762166719688
1.91525423257846
1.0065008842855
1.66645038334118
-0.721060575744945
-0.16231109395633
0.646562690562291
1.43762702691109
2.33194880319289
0.126753822092021
-0.305078934637207
-0.475930486870787
-1.53476895371211
0.50333490381166
1.8180308412864
-0.163626563875317
0.0738677556494046
2.00517953877413
0.533809995916403
1.44037263442638
-1.77994092152411
-0.696494208803236
0.76413310752565
-1.72197660126727
-0.424234982615939
-1.18260691978119
0.280992452069349
-0.961726370031864
1.81078594054847
0.864430511108447
-1.45338162805631
0.926187328779305
-0.26928049615298
-0.361465319104276
1.14971144557156
1.69835725549374
-0.609030206147211
-0.0306199246194348
-1.14541041204877
0.652023393233895
-0.218261122974909
-1.69240042559409
-0.659325012212317
-0.0975470828191674
0.321746884590471
-1.12234084781514
-2.4163168784835
-0.455053007746686
1.09886014525458
1.29148199603721
-0.714242176669362
0.388979892425815
-0.73299223427754
-1.99235705648565
-0.516081437596913
-0.471676968773291
-0.217407783207599
-0.362788024216878
1.04675482593217
0.652524114335098
0.426915340319152
0.574307010802077
0.631788825604427
-0.817775728875818
-0.986231398970386
-0.983389389226608
-0.129513008903788
-0.48044752595182
-0.602546621040787
0.75502416148158
-0.348950973929637
0.234950740652397
0.17924031798459
-0.994711057263057
-1.26857556412822
-0.943624413069652
-0.731254577098088
0.822320469551606
-2.10886186951763
0.0839145446523099
-1.02805827110137
0.0112766009989566
-2.5097626310111
-0.147797616621023
0.607018969077547
0.952874251006756
-0.745103447075668
-3.02199690917294
-0.842109330210709
-0.694382797651304
0.524260355413922
1.40963433044366
-0.0948915526746519
-0.040083636183938
0.122337173701657
0.550378869369357
0.64253204746799
-0.625005565407398
-0.535518952475096
0.187373252047251
-0.0846273880392736
-1.0171582820706
-0.301289650071854
-1.68682411408715
-0.343066837489541
0.10996923817628
0.840963980364851
0.323493085865395
0.730552517765304
-1.3688501119258
1.36794775834489
-0.518997703780808
0.860473635670785
-2.43877159278874
1.05008727501187
0.291211759989421
0.99886611790448
0.271351660053488
-0.744276763766543
-0.377580195540223
-1.04486255450448
1.3100353588447
0.138934124035468
0.99056338999225
0.0493707448270323
-0.368750582009727
-0.424813716955857
1.24674509161947
1.00594764808933
-0.379409637408755
0.968091666963893
-0.289608571970716
0.767646959280993
0.539361455610713
-1.74283929494364
0.448813888314609
1.06882343888101
-1.26378088645731
-0.181413826015098
1.56630285683055
-0.735216939604129
1.52758916446536
1.50120594385815
1.62137465086825
-0.613904158738747
1.72784357011009
-1.66238123192423
-0.200316732385412
0.032557713453781
0.328106291198289
1.33477313590455
-1.00156017666739
0.686195102725496
0.411837953162055
-1.61316209644116
-0.550509509307379
0.54424882034382
0.139978442215088
-1.12531644273663
1.74681822920068
0.837812691100171
0.264207084341595
0.453991118940862
0.1945386907911
1.39173287627093
-2.76197154169976
-0.513485328943662
-0.142183794474107
1.1126649571108
-0.451801750844061
-0.433157947232887
-0.616427399467986
-0.752808209503141
-1.05216313327571
-0.408463421054882
-1.04299018861429
-0.689382419616823
0.464162083123357
-0.353335166699516
-1.01448133424079
0.33745570136201
0.290102697201435
-0.686383088604647
-0.348550683680572
-0.498556460546114
-1.09847615616207
0.394725385901877
-1.10431812608024
0.518400551471627
0.309978956204621
-0.464089993107322
1.33407110226163
0.308247492997665
0.717514090519462
0.29397726177286
1.16574161962224
-0.559207686500138
-1.71258506523738
0.591098155400175
1.60235120616396
0.0539676378290059
0.555244084276488
1.40028055284439
0.0832592252872776
0.102212535148419
0.28369997684491
-1.30519475525473
-1.39723949275703
-0.948966723997745
0.0649544902658572
-0.0123456433706387
-0.782267719146987
-0.636321367766639
0.169307039174486
0.887227723015912
-0.72312732717615
-0.245064450416943
1.25390769326755
1.07372563683984
0.720042387317797
-0.700352402298844
-0.279834472303322
0.580101241384344
1.47068939392539
0.667467574819494
0.197011120196458
0.704601480285045
1.87815255387154
0.748133592507614
-0.346314108913623
0.685798031252056
-0.282423846744968
-2.73083397633811
-0.269723204173037
0.432086505880902
-1.14162988363594
0.429511138713584
1.77692107485211
0.022301125706343
-0.308223193289959
-0.545693540956796
0.610937520073096
0.112976408914066
1.78301310367916
-1.60595763245909
0.18655661546557
-0.442724110113261
0.270082503571878
-1.14320333611431
-1.01768800080584
0.797929876247208
-0.875934406806521
0.532942894162719
-0.973905017109949
0.0213674293593909
-0.639560116612617
-0.0377534186657828
-0.981008726766397
-0.530079486866512
0.477512404701874
-0.159861543512453
0.147526758723138
-0.763348518628804
-1.07162158889444
0.230006282525213
-0.308232988686251
0.480482753650277
0.389588025994451
0.214716537872995
-0.800335750673364
-0.467600698529692
-0.489991496277796
-0.400880332957065
-2.03080884622709
-0.821365740674363
-0.896853366033466
1.12784473114529
1.43722030672325
1.26418900862522
0.0710559853941561
-1.2634189776671
-1.49118827739414
-0.346648927222547
-1.14379127645408
-1.35097638942488
-0.813613331304097
0.709895137175852
-0.110779888683253
0.944778820671107
-0.0453335129962346
0.230327697128031
-0.351484435896238
-0.469088431258258
1.33585821978915
0.853474462880279
1.87050060050308
-0.611910664461286
1.95459217690528
-0.991748203549676
-0.210005706539912
0.466700084435903
-0.0427693484101926
0.465775924130287
1.78987871130952
0.231072860018457
1.56335987502379
0.217273063760996
-0.327061479699527
1.04266569532415
3.02320279471042
-0.990446718494351
0.229257245808137
0.144000040036558
-0.306686635555989
0.715679522345581
-0.568783584563152
-0.133716085877305
1.47313337891707
-0.80384718925767
-1.89224803066519
2.18142868176648
-0.425949107197335
-1.13596440563208
0.421014224011096
-1.67760631598589
0.713958852358002
2.31866117700769
0.0180072516018739
0.69681932684841
1.00800464839185
0.0606227533188978
2.1276390275921
1.21882285430669
-1.53136950840336
0.338399230569211
-1.33769730645349
0.887357627760852
-0.116114473542265
-0.116979317162737
-0.575920686125995
0.900148254312277
-0.456883015254439
-0.0353701595934319
0.0288455727663516
1.3212604071973
0.159364302245575
0.583842833287494
1.22205771316685
-1.19394797201238
-0.673919027966588
0.326048957324964
1.16989695645659
-0.446916205550361
-1.37442339490881
-0.185394142209381
-0.990870578088742
0.433149972544342
0.350444649475078
0.069692293685615
-1.7120344709237
1.46526358087123
0.231285287562839
0.67895808103106
1.20845751631909
-0.907325778959572
0.562585649210653
1.22126238305673
-1.21744728168514
1.12564742586573
-1.1865240814516
-0.0327637348386099
1.39096704824449
-1.92647385876163
-0.181465605884688
-0.330104971383543
-0.945614120007617
0.377410241812096
-0.0109382419084538
-0.282231348083691
0.886409417980774
0.476031245462473
0.849747547163392
-1.20719601652096
0.0833632267604476
-0.478131586171181
0.653755580246278
0.55725211565897
1.00700507471619
-0.172068378720939
-1.18640953448372
-0.176655634790129
-1.85544006423344
-1.26181187086962
0.245917398357709
0.506966158958351
0.322409127081844
1.50317328795853
-0.3781838814427
0.243540226657361
1.6145742642108
-0.62392809266077
-0.714666698907253
0.170604997908176
0.301366370872042
1.42000185443511
0.3295565706784
0.551780783673468
-0.356326035925222
0.111179835716367
-0.310889413848627
1.9367523218007
-0.559686477655141
0.576055244300358
0.0132315615352037
-0.745352318968108
1.48095417301803
-0.52986756374656
-0.029582803341554
-0.907523358715781
0.0144977647509975
0.997495158475422
-0.286161554208748
-0.8923011135019
-2.30850067982237
-0.511459704824734
-1.4829314332641
-0.604460427056235
-0.413535799032776
0.56798467358163
0.655888463188846
-0.071422565835185
0.872199078810979
-0.170019506098621
1.39391429440895
-1.82686023115937
1.71146820903969
0.00305866828733548
1.03283873053937
0.955338793463378
0.617036464477057
-0.520765604801194
-0.387002422624117
1.05901747219354
0.263782061510971
0.758447192276201
0.0554927015752501
-1.1879747690382
1.78325274512993
-1.09068908259937
-0.388206312166739
-0.686141507389689
0.950967437284407
-0.368897495925069
0.546815637418794
0.50016279635083
0.102008115809877
0.754114616681523
-0.900902593342275
-0.908592535115294
0.229835964894342
-0.936490584245981
-0.0860929674870143
0.399002926913111
1.02381348703163
-0.151836355515432
1.90559128311659
-0.357740808137725
-1.02763724160855
0.485646653530075
2.16938662716276
0.811879692616373
0.73214046798828
-0.792936810545915
-1.07116834488545
-1.04608127522971
-0.241931119690252
-0.495623283818918
0.0872409201469797
2.31172584373489
1.41631311070741
1.03223101998875
0.849497259855849
1.95804072901495
0.136405920488465
1.05023489598178
0.425566026728873
-0.0434100958025985
-1.12240093936077
0.125507189928451
-0.570544766644105
0.920313627217081
2.65601494873886
-0.630149252601262
0.484095257016283
0.489486095238323
0.969762799874022
1.18396336982017
0.191073153363889
0.978615161253462
-1.38082703724526
0.6876928895202
-0.677692045678365
-1.3850221454269
-0.809440394033684
0.60302232294767
-0.623592831226597
-0.345523415925407
1.3095214712572
-1.40247854960208
0.239319126882317
-0.912271031151648
-1.54299714495085
-0.586734735317134
-1.19175504769787
-1.24135454448766
0.525975117013699
-0.497611305289366
-0.865236474957163
0.126402127108643
0.0924903534343013
1.3077648552901
-0.111285291149046
3.14406310985239
0.057907812409358
1.52296825376903
-0.244461784966444
0.279469321555553
-0.297596890542836
0.98227762718565
0.293540823559657
-0.407014273179336
0.184390401635978
-0.564737340434226
-2.58152849272311
-0.0998100500077971
-1.18989766905784
0.0824670691911726
2.02720552186912
1.37783626883814
0.634132103739176
-0.0236313163298357
1.01797479638864
-0.957787891900565
-1.23101843504259
1.20913072980837
-0.361444799562443
-1.7582403966988
-0.266538600050606
1.36160301523705
1.67903183825633
-0.322068162691836
0.549883689379604
-1.00129682582832
-0.0941152591319954
-0.21051895077078
1.57876792958406
-0.10626574091488
0.940862292622644
-2.81475208031946
1.61085052864064
0.716467634940279
0.0517277093001068
-0.0459214390069704
-1.09904364316936
0.184416906490165
1.18441197477285
0.37238290103055
-0.408828375701567
0.519473712823942
1.1366806315742
-0.446408422398162
-0.509515976947844
1.54251343592275
-1.00747695580402
0.413869978536106
-0.7486376939501
-1.52496181585472
-1.56493656403172
-0.824712264139714
-0.714394290651572
2.41127400054631
0.397987812587657
1.73893401570955
1.9657905567657
0.596564508812955
1.00086438695097
-1.2550768599311
-0.533919373909234
-1.41434586232589
-0.557738038476634
-1.57485973290557
0.0118664833499849
0.185668298974233
0.739808899727873
-1.60781843444416
-0.854356180184683
0.0863314616224527
-0.413016778463286
-1.12896333876812
-0.0822547092469249
-0.884818741325174
-0.34334726527736
0.726033181472669
1.86532810421118
0.499232951196228
0.899064125180766
0.605892935022191
0.0841050874451307
0.199686489123717
0.915898484618148
0.622630452247856
-0.149933548548332
-0.184098597123608
-1.26739401794136
-0.0596639868402111
0.428338545135285
-0.0790835135616781
0.434298410979243
1.85731237542923
-0.203364145240585
-0.467773619121437
-0.143266652098106
-0.824717258728271
-0.565734925952331
0.155502592501295
-1.18926109611402
1.16962123847064
-1.12257184574405
0.281073820313536
-1.32344758174914
0.504413268093465
0.91928978802808
-0.190260505811366
1.36436021668083
-0.559311708072635
-0.685348420696095
-0.369236423737065
1.19781567622547
0.421457454425394
0.00885514786587935
-0.827899739900148
1.13770681421517
0.46153112542846
-1.09053329289854
-0.919016614613013
-0.296157095878935
-0.149296956676294
0.613149121838113
-0.975624141885104
-0.69460362063331
0.986512837022535
1.10545182251443
-0.0135107150015338
-1.45017456367202
-0.0324494985896999
-1.36990536727257
-1.48801077864881
1.14721836598536
-1.31467458669885
-0.555223605079868
1.19584823708273
-1.93256505937201
1.17569584876243
1.11846401840197
1.44035382533685
0.848127675985672
1.67389860313425
-0.175030958363379
1.63107203959153
1.37829814124265
-0.809446561406491
1.54440160087303
0.496069644351319
2.93474257342976
-0.503428637897042
2.2690944505966
-0.166746510648149
-0.685758539344039
-0.836478773697682
-1.232849163151
-2.58223166862208
0.569247545766742
-0.788505147884755
1.33270692801105
-0.942614136254708
-0.161227610675402
0.966119689269932
0.961740358062654
-1.84301516505052
0.177063427300981
2.03925393377038
1.34568842293944
0.140718647820631
-0.665910584179341
0.0797478659926753
-0.549875132533615
0.742430325585768
-2.42751028595024
0.959753535990219
1.24198866714774
-0.287633366156226
-0.446427134311247
-0.0831837058335107
-1.00422061224741
-0.311477932257891
0.737138544049243
-1.24307572437606
2.21124485992139
-0.669346981205889
0.358100728836391
0.651072946376982
-0.447375607057847
-0.670825348237227
-2.07769391776237
0.0787212343301479
0.687751014105142
0.202522628776779
-0.350148289019285
-0.371042851318148
-0.196183502251721
0.989433201232449
1.10565289279727
1.01970892755887
-0.9728881239484
0.81965684298324
0.341636099528372
-0.889234230365442
1.3069445508616
-0.089584149202644
-1.5644464613367
-0.254904881688025
2.47991203616002
0.0551638532670823
1.52469062254971
-0.264682338219784
1.15098999215935
-0.386517986011386
-1.32935466712748
1.51403915565987
0.15995505901593
-0.658722254704359
0.889062471123443
-0.258757311993528
1.50132636991244
1.05822754943022
-1.11076097943688
-0.125138770687286
-0.142649009222656
-1.49815036614654
0.246498446866407
-1.19034865937555
-1.03434521410769
-0.0410936071014327
-1.11055880257036
0.54084887112375
-0.114464444038217
0.816698780076057
-0.768914532156969
-0.53731479450542
0.561213962431329
0.484856150161631
0.62207077272477
-1.79610304180358
0.839257264747875
1.02292819157335
0.533070674761438
-0.197391057990405
0.562130837613978
0.794560000716932
1.32951356838873
1.10411076351609
-1.62460226827597
0.787543747874906
0.137665440501933
-0.372995342039968
-0.0526528214536038
-0.881965558826284
0.814551153901293
0.175188278230301
1.77003670950698
0.255019282807194
1.0032009673736
0.190985037897162
-1.88273150773302
0.885102583522572
-1.47233668690502
-0.455636460714649
-1.53369408496094
0.616709687929692
-0.136568422628191
-0.455944135402705
-0.417439070950695
0.319736738183471
-0.395349942733089
0.254788213204097
1.15907698299343
1.84423610081426
-0.187856414219152
-1.49560273983921
0.408084602522735
-0.474335595071627
1.16470399138653
-0.588781200483549
-1.3610250942759
-0.0263121676471765
-0.315522258078626
1.39534618923568
1.16798072912933
1.07441082272894
-1.14687977977005
-0.506384376079978
-0.891937367863066
-1.72866974783354
-0.518948128359654
-1.09523915513421
-1.89496966758187
-1.33343323383611
1.43309068821393
0.539973479518974
1.13167994741883
-0.00705432022248691
1.1384144616326
0.0559791509453718
-0.97332281932869
-0.128603053993717
1.85613243024416
1.37362368129968
-0.296207963879005
0.222008083824556
0.0345120926874812
-0.197107324673675
-1.19905482903959
-0.373434968228491
0.21739307133254
-0.0930747630441432
0.497362676245966
1.37777455035756
0.0677705089176596
0.150312055027286
1.94457975294184
1.46934999650236
-1.05845814495379
0.629052904717026
-0.979830232638318
1.11761428243051
1.65486673911726
-0.758378852619449
1.00161442588873
0.0483692270126774
1.28410639339004
1.07077266842851
1.02856650695574
0.0859536455931559
-0.476454617424445
1.23680078156833
-0.196618421607119
-0.505005386609
-1.39921822027191
0.841221344494868
1.24878319223471
-2.98311163788254
0.89456074155645
-1.1356334480949
-0.580975891147007
0.48325023634819
-0.404849820082896
-0.136752273915581
-0.641288790268645
0.868030682721158
-1.14706146225607
0.828717724974208
0.634765324290305
0.0642343287347155
-0.319884825385205
-0.701309479758376
-0.495026676380104
0.548086178854882
-1.52638084908091
-0.274107207131685
-0.626235511152118
0.528575024068634
0.539061288510943
1.08674279163257
-0.997693213756557
-0.477124847314346
-1.31638518511361
0.758203923690323
-0.167836498884767
1.47387367110264
-0.703309032631935
-1.11482968562608
-1.05046540064915
-1.21701137018128
-0.787366112008275
1.10871681509708
0.36856843985223
-1.85775333960014
1.47023713886747
-0.547491552303792
-0.0126725940849075
-0.889960631658719
-1.45444422597974
0.864767671661795
-0.641350204956485
-0.806029347933325
-1.90340841509454
0.962840384806624
-2.83430271941988
-0.461155906005444
-0.311119374085087
0.890944390908408
-1.07455804219079
-0.316465896726352
-1.40709615129166
0.631041442578014
-0.331137632990687
-1.1038654959669
1.25572589696445
-0.724910847080031
1.70610435434714
1.89851136542091
0.241601565666838
0.904452297505285
1.53384446262889
0.287104469659839
-0.562870222738975
0.247543526360563
0.473184564216958
1.26404810334331
0.447740109087625
-0.0836635997024552
0.461987022186304
-0.899022373382662
0.632894452784592
1.04601079360718
0.880638661728979
-1.74268440296964
-0.529062799559074
0.759995836096633
-0.775035058814055
0.241695450475602
0.545019594674478
0.42096079210383
-0.724655953191713
1.12894177532621
1.04738901210163
0.838813847950968
1.28411304299107
-1.45201407577869
-1.1283962526563
-0.569906000632026
0.485637928346516
1.57839507611176
0.449344754615937
-0.357619699194641
0.502867032558072
-0.816778986866657
0.0157898358977254
2.09791412809064
-0.63568721625675
-0.112838962266485
-0.278636056435008
0.530372753517103
1.93794210568494
0.837902606721975
0.648082567085058
-0.827651713515485
-0.126414626957435
-0.941106161972119
1.0878846583059
-1.17898123048606
0.0790777723934635
-0.578527543398488
-1.11816596045369
-0.247934610095604
-0.420398807074249
0.49380152471907
0.397153534353621
0.888929148802018
0.0365658853385071
-1.21563580723263
-0.219663819853195
0.119293798828868
1.35111065228828
-0.476847850752388
0.179636890380316
0.44806722237545
0.143825534533837
0.318688866613144
0.373594411570199
-1.8155929448656
-0.106846384761486
1.36015836705074
-0.664155091323281
-0.219174497605055
-0.0558691966192094
-1.5206360018227
0.781179149164443
0.821077345361646
-1.15774983857763
0.289694416580586
0.167213469240043
0.576772246066919
0.404992446460168
0.716936186734737
-0.944044008739003
0.588997962595221
1.6929508781932
1.72357613674348
0.0128507473969682
0.575276088113894
-0.57964493528337
-0.221838191250562
1.01379842929862
0.694632800068091
-0.371486789352201
0.0914206806886625
-0.784117304383753
-0.248354854853924
-0.669525419192439
-1.15759902191969
-0.28122557250337
-1.38497068492153
-1.53653035929606
-0.846825067269678
-0.134029976569693
-0.377049219211063
0.0219387586208792
-0.411495256504938
-0.275217306322972
-1.87830508062103
-0.956948358505861
1.41174563276351
-0.0873446788324367
-0.755698548214935
-0.0190864811114963
0.00724693190675457
0.920150714545543
0.870765302183816
-1.67969939854484
-1.08077787479433
-0.136416406790338
1.55436972690963
0.580874744675866
-0.582450209876084
-0.734628047619421
-0.997546675138395
-1.24835311012143
0.810056534825506
-0.310242491158519
-1.27212060961059
-0.227402687305064
0.301020402638054
-0.710170610992798
-0.0895733042198832
0.0119019738318486
-0.366180394183222
-2.72115990539394
-2.03001320655023
0.461625930673987
0.31380837097445
-1.29021263751573
-0.421490922525424
-0.937417509966815
0.245160287108707
0.390866930390484
0.568352611854654
0.364168970712793
-0.0835296633750824
0.81809569391106
1.49573634903421
-0.149055813850508
-1.04702015693829
-0.763328776997888
0.510588203771872
1.45155785677494
-1.86996438605215
1.3702544160721
0.609570369491229
-0.485910282853159
1.29000041610027
0.508843795532408
-0.131572243850749
0.097476278225832
-0.201396895328132
1.14824861948219
0.367405695601733
1.92956892423509
1.59219180069283
0.0731935617878179
1.16547887136969
0.547447373538961
-0.873342882734271
-1.27978884825735
0.274590626321976
0.421059274286963
-0.492945732947982
-0.589919371520989
-1.71465693114037
-0.181115234877754
0.842794940248665
1.36930001170362
0.186701957101907
0.59553857714911
0.723778566398935
-1.12759740070165
1.75167371376175
-0.896674483210596
0.656857890194557
-0.33068450225533
-0.71947949627562
1.20950085048296
0.127014403793954
-0.606928231419793
1.24978746288324
1.01123494864639
0.77858489228702
0.0346387192225371
1.64702037933886
0.176601542892469
0.820315838181308
1.16466724610288
-2.17841839091351
-0.38177921606802
2.00467631710029
-0.698435236112888
0.751702504464989
-1.27949475082608
0.484481265830359
1.17681425405879
0.806689693552608
0.640611083758137
