1.54462253019193
0.820830945836223
0.319480773319346
-1.2501381491042
1.18539481848051
0.671249147386165
-0.17884587852415
-2.22488277588757
-0.574910828180442
0.311866698264132
-0.789983255594736
0.632545550158297
0.644126842485215
0.31180448125243
-0.239164288310139
0.72910428763274
0.777705124695179
-0.444482399516381
-1.8705349332835
-0.76607430510292
2.20423657215672
-1.47706195636687
-0.191926797686666
-0.110462923799944
-0.63263974364913
-1.01174127792157
1.02480416291342
1.46897192194391
-0.343172919319025
-0.158856142426872
-0.356319405109054
-2.11340024697004
0.0287432270504713
0.688041655092602
1.32475113420857
0.181709190266833
-0.371206008191237
-1.14596401137686
0.32058065965341
-0.410355074470301
0.891652779175129
0.818844127761883
-0.0991945648678777
-1.92486552258438
-0.472175830954457
1.79458871846443
0.662988566868865
0.825295619368906
-0.551885690962106
-0.65761551062707
0.31604657544911
0.331049344104925
0.985859431541618
-1.01200686042609
0.649237787616399
1.23552176083371
0.763083189784182
0.674697529619684
-0.272989064985505
1.14479523335405
-0.164719459911267
-2.03625837972204
-0.782025461374465
0.839850658567373
-0.205337079695546
-0.484496628836361
0.32019142153805
-1.07573658683619
-1.61481696208058
0.219930033491039
1.39259698747911
-0.244388997414787
-0.829103656390708
-0.0847281023185151
-0.477617454471145
-0.141917963976702
0.0396215715793697
-0.376131286671424
-0.965488533023091
0.841176636893121
-1.09473874198974
-1.40197546656958
0.868709175477756
-0.367575758362481
0.480814633934039
-0.938111729069567
0.798499535568394
1.11012707371937
0.645223572862759
0.500741374820175
0.53740147027758
0.764759151771854
-0.92401633261795
-0.00306918985454778
0.949213410347802
1.30029288936368
0.727164433015652
-0.234647982140489
0.0909709083477442
-0.214218819586681
-1.15287449647414
2.16191487442714
-1.17456505435894
0.876552073728662
0.8778149153744
1.10927243343859
0.204670027617796
-1.16758082457961
-1.03605713736826
-1.0050344285778
0.989057799736445
-0.758402666080941
-0.114609632588841
-0.723555924051365
-0.662439118404767
-0.045395192354718
1.25773859970256
-0.0896278814201391
-0.226771078127856
-0.764295299840263
1.66302319222061
1.67246399202082
-0.818297411358254
0.752067981442719
0.905336300419042
0.800963202742316
0.360613676982854
0.599736941999336
-1.15028160071258
1.08432719755902
0.145561753010823
0.390083691274631
-1.58175723966649
-1.32834612390662
-0.739002279381483
0.582993877501097
-0.697761027447916
-2.10047203813707
-0.316313365625145
-0.0920548942841632
-0.361380746714532
-1.79286313829143
1.44984962607269
-0.0604124622709892
0.584275950768127
-0.391378313503089
0.814443720847992
-1.27355301388342
0.0231106548814203
0.0335949607604185
0.341168676789039
-0.357112108310008
0.886505615782583
1.40418100797751
-0.260082238958812
-0.692969604249728
0.634142754370132
-0.17020407433118
0.48515852072641
0.328975347983668
1.78632741978137
1.65131329551803
-1.4350130075329
1.35919416257194
0.140727375710649
-0.510754145851787
1.07725799036574
0.314917214165243
-2.42483609010036
-1.75023603314508
-0.502827565990002
1.17303940866164
0.447651198823544
-2.62403058473538
-1.63893761856884
1.31444866499771
-2.14724522171777
-0.594324715352662
0.0464784641693442
0.25216265623915
-0.601928724058158
-0.698785954149429
1.93492181427046
0.0334677149126204
-1.5355825267412
1.85661641473768
-0.493063918598922
1.58880909775946
0.39000116891593
-0.543486373842836
0.369273581206289
0.35170050814067
0.456150850174638
0.863485013810941
0.927508993809464
1.22854077193897
-0.806182391198176
1.35705207685065
-0.221273940846078
1.21212549256654
-1.898577233685
0.0754452970083567
-0.0873438565737669
0.522349647100603
-0.560116587239499
-0.0333137178453163
-0.26986122374831
0.915955516899104
2.41667849091877
1.66429474575273
1.84818782909394
1.59905518376725
0.588121565947919
-0.920078495334205
-0.721024174716126
-0.26959247083042
-0.319535466446028
0.762353613649446
0.822511483264163
-1.48138847584537
0.0907407208807519
-1.83853851634858
0.419949884484451
-0.834617095747601
0.492592354514275
-1.03450030018131
1.13812000877839
0.433835525731226
-2.76966199681614
1.73498896279042
-1.52381601535423
-0.207576902726563
-1.56605794657829
-0.450634486367458
0.193282762953872
-1.02026325260577
-0.46919983487116
-1.73326295684477
-3.1886079317366
1.28769847466196
-0.478138095984971
-1.31864668523071
1.18228577260237
0.330753044347069
0.722716730550798
0.634375034954516
0.243871975120862
-1.7806189472601
0.551607393708609
-0.835723223007435
-0.832219138433351
1.11267943458344
1.02536381513019
0.596456912933091
-1.03574951953111
-0.138899532694618
0.50067199819259
2.28064197653579
-1.28098207704785
-0.081741747452006
-2.93532407968402
0.506023165468121
1.34497124321583
0.850110449935532
-0.466062702134117
-0.500584540876153
-0.664107150522243
0.837655543250852
1.89174623843274
0.100491111061744
0.826533020671924
1.47421491486211
0.747586241360554
1.67553034345615
-0.739738960244233
0.665359324494576
0.0956812338235066
0.92329224032427
-0.4263101554477
-1.83323048578863
1.54552838698681
-1.22926774964927
-0.241131902176112
-0.409569236036166
0.940933121837788
0.983711648782104
0.793731853596316
-0.799762619106703
-0.95443004601654
-0.0236460193917601
0.0436920183660286
-0.604988504643926
-1.33952441767923
0.598115586634927
-1.50544558623758
-0.973392893417712
-0.947942189709193
0.62369638296983
-1.9334068635128
0.742250058439295
-0.845964724634677
-0.8866522483072
-1.94639572312858
-0.228347368189846
-0.076484237536554
0.321989785900615
-0.0101834180324715
-0.125907183524032
-0.872738448839369
1.28141265214254
0.54185444882535
-0.260253128925452
0.69955045632978
-1.09725161556768
-0.835842335753677
-0.637948560849948
-0.252857060379643
-0.160770148599557
1.15903013137065
0.176593654594084
0.897223388508405
-2.44558314580946
1.13835857858679
-0.761270978888371
0.29676253042164
-1.02858137236062
1.59960256383604
-1.70087275958014
-0.755149279391763
1.19034332779735
-0.114694454384019
0.534884385890897
-1.54923907113936
0.253365942126601
-0.120341172892517
1.40424108262624
1.6191287503629
0.497289162741617
-1.43055628602424
-0.368490618263227
-0.463744274283169
0.315283977074756
2.38977255213808
1.79018128406366
-0.808700188078398
1.25368365466431
-0.414116187914201
1.04555562953119
-0.421155779228612
0.563021271777859
-0.556133389572185
1.94598467525607
-1.52906684003787
0.440497919059601
0.640816442986822
0.342862863125281
0.851200272568902
0.806402392320637
-0.464373719560068
1.63824879494922
-0.723707588577
-0.0130128000221702
-1.05088846874838
0.00561648741131021
1.64837733297785
-1.25263809271256
0.253147593980988
-0.724998130954614
-1.61510391750852
0.952579825371661
-1.61276364857992
1.28726941057003
0.836720828417431
-1.73131511800656
-0.184725287254912
-0.322072997096265
-0.650353445458434
-0.146954337061067
-1.63461309299886
-0.48628175982856
-0.0565271417264648
0.313432904351926
-0.147774919323283
-0.590088806829387
-0.703420487861297
1.70585172911995
1.71351604097171
-1.21576903993219
2.43190700395243
0.456810420139984
-0.211708191939411
-0.334331693666999
1.42322288145423
0.238153637676182
0.222182805787813
-0.681717164656234
-1.05532860313955
1.76819041702048
-0.322938402235871
0.51981324247426
-0.33655512903952
0.17613497162547
0.509673584599677
0.366393654393545
1.62663742729318
0.0814718332325757
1.29302140255301
-1.21376007343819
-0.364095166068134
1.73149435814893
-1.52451683724312
-0.590454065862242
0.131323683585603
0.847633149403507
0.15853488143757
-1.98721442105715
-0.260798628547468
0.0644483822974394
0.439462383428698
-0.0993402849795502
-0.137712170192527
-0.409325566803153
-1.97585806782394
-2.63806373660282
0.15518822883071
1.16895694368036
-1.6662927262706
0.265799327993632
1.1114785457538
1.18526634369458
0.166203156252062
-1.38825845047027
-1.57972349969225
0.251511115534425
-1.47796842188377
0.977402665926865
-0.267847139352176
1.0057704673823
-0.042827601966519
0.0431811178506288
-0.885515245737171
0.626941216863987
0.619252615284639
-0.1452280457535
-0.293013530240665
1.04696415971566
-0.307630427713269
0.517734235084844
-0.970104231267926
-0.898359363724085
-0.332037964195849
0.678305711028178
2.75215360993766
0.73103608016829
-0.948450728758361
-0.00125706188689311
1.56064229399069
0.898833688106777
1.97369039580427
-0.626250902870813
0.453897376098173
0.0297143533112469
0.434837754017305
1.17977977617144
1.81075244930598
-0.828873221266186
-0.800512485340839
-1.00314835875462
-1.03706857683829
0.714483444760155
-1.65044665912496
-0.0482902130998773
1.47219256411953
0.200428510542207
0.432847972600147
-0.362586944346487
-0.314641867750598
1.6213500136703
1.40085162853062
0.382886940954178
0.613907979621975
-0.307500463946611
-1.63164404325909
1.04383345870409
-0.427244313419389
-0.281990363278452
0.181130684713023
0.380243802242027
0.50898374501676
-0.791941790255511
1.73942405520094
-0.9321373153686
-0.550308504949132
0.839921324867682
1.58686690629193
0.843789260383366
1.05306229991569
-1.28917361555777
0.752653612591693
-0.237709082800379
-1.25034099636642
0.617219550441366
0.799991378666381
-0.226671644033861
0.877910200501306
-0.879186319281945
-0.488466516327503
0.211319331512329
-0.914758459282415
0.13708134378841
-0.830790182210375
0.0042574721206212
0.576717062072985
-2.56736343775873
-0.24655217153116
2.16861393419734
-0.820027930352013
1.22708804881776
-2.61459530883893
-0.0635274689742604
-0.452554325353385
0.935848547689603
0.680838947754488
2.0381722776627
0.597115530028987
-2.06203972741225
-1.41782114161365
-0.625104320895702
-1.77794587914251
-2.08703415874469
-1.06672031014545
-0.476544460250404
-1.67151715251461
0.374335188466772
-2.2096362297409
0.975233690014236
0.308547881411057
0.643742590886411
0.922613429968847
0.477243439636651
-1.12618892168931
-0.576833593167116
0.686058949320648
-1.06018254376268
-1.66297926713176
-1.4938808951027
-1.48516470864402
-0.649913322504764
0.680180104976705
0.795063626024522
-0.189445533138135
0.420346531870347
1.33288952907076
-0.143088169801965
-0.503367754580517
-0.551138154227741
0.30489035456211
-0.646652678269098
0.0876091063914888
-0.0993042537686094
-0.228570295080438
1.65753646108473
-0.323720210829612
-0.971468807099624
-1.57765972535543
-1.13665287085652
0.260705924705238
1.19378948364407
-0.0711320005839809
0.580533913182845
0.715073338668368
0.256318291447143
1.29800359338234
-0.0747725578081475
1.07701447160578
-0.967477894672497
0.613161788138951
-1.40986730611899
-0.18125399137561
0.780114732159918
-0.886505951290374
0.456939323872996
-2.24029360294127
1.07381767664127
-0.850753981835154
-1.40233718971115
-0.30825664764749
0.533858463820953
0.246113875272495
-1.4022955853188
0.557668105828095
-0.0582355040882297
0.639452452309554
0.523547445957674
-0.496001595257629
-0.331918297916025
1.31705411728301
0.715448930395931
1.31326607107594
0.821380178679481
-0.610119438511516
0.779256931637845
-0.499828945736762
0.144122525413807
-1.63725501977233
-0.530035862980771
-1.36436835234631
-0.303314405121829
0.34555108509124
0.475335845653555
2.6429093371199
-1.4183555443376
-1.07674083582261
0.625065288180096
-0.300503098906654
0.161958859573108
-0.630036950296075
-0.555272679921902
1.46048303511474
-0.612432793032237
-0.222373387754414
-0.756067553662054
1.76830312033329
0.88851010019236
0.203167651496506
0.0816596327302999
0.68036173132473
0.472708647934724
0.843257420861642
-0.124152505967131
0.91858921598941
-1.46968891916324
0.472046772352772
0.0662407994770162
1.36164236165375
-1.06952074545075
-0.351887954511523
-1.21657042286623
-0.102001229774843
2.44021504815653
1.30512468278401
-0.595420597436636
0.457768398261494
-0.194187626063282
-0.880065002319538
-1.90755975534535
0.570372736461211
-0.831894185818943
0.364193955195175
-0.322674573748501
0.817109558710137
-1.68702270612233
-0.961563691598024
-1.33193182657724
-0.394145008052523
-0.56907461483662
-0.878816385026259
0.125168347985299
-1.06177981239641
2.13560660570261
0.51910997752576
-1.33217116076222
0.837304384698877
-1.08972890784567
-1.01669038621521
-1.21801647752939
-0.800341507229345
0.970936577897786
1.54281728180286
0.79633838434637
-0.121032103605581
-1.33506589048853
0.154258642648272
-0.569445678397335
0.564916735745178
0.533143337618337
-0.508664239720672
-0.857225521879064
0.0319959985090531
-1.76480412243103
-1.60720734911869
1.22115044747543
2.79360647572735
-0.659225320840394
0.833814308795474
-1.15965304199789
-1.78276261507144
-0.833111387101092
0.644501103200042
-0.229286376417711
-0.757402026595402
0.389007322453911
-0.728562559650741
-0.979850737827469
-1.15040461411598
-0.815650995320548
-0.951666987469154
-1.48426942843366
1.62892429893552
0.343768324527657
-2.33895649841158
-0.520785659304608
1.27982421753953
-0.208581515592437
-0.270123253478111
-1.03566082308082
1.65979059988112
0.829216852768551
-1.08021683568645
0.444618519248896
1.8275366731134
-0.619142916244623
0.0954267189221529
-0.755123006237486
-1.66507494425835
2.27174408385406
-1.60382587610381
0.378645271251285
0.0600902469764448
0.860544567143177
0.67519013087132
-1.12449593708806
-0.914312446929666
0.0261988814913608
2.09835281467572
1.63477855560113
0.96319110651482
0.148130533679294
1.18740358501358
0.976967755948044
0.0787413637980256
0.305220739648996
1.39679251566767
-1.42870692077546
-0.553502355879336
0.177481503340098
0.751887586084039
0.00287020050053164
-1.50142023653437
-0.933495032953553
0.994552939793211
-0.383103343578493
2.07544177204033
-0.124037868548318
0.65359646669619
-4.0512998284756
0.845814026202846
-0.0696141504876966
-1.04197492728831
0.731001552578454
-0.0636150108631399
0.128407659626539
0.307382279276664
1.27185100599878
0.520130407457055
-0.139569286009774
0.660014414912108
0.31179756201049
0.890232759294632
0.756269290122238
0.11049451940802
-0.707253375954288
-0.503427317005754
0.366901348725681
-2.36991307011005
0.905121301069166
0.226758071087441
0.148308931297696
0.429836607707029
-1.20763607361981
-0.0193687042602255
-0.874100635660541
-1.23159572734054
-1.02991954767005
-0.438130636861276
0.688519956420608
-0.0851318539849758
0.271119001914818
-0.0237727320198998
0.336672504294275
-2.21910661878979
-0.152500134257881
-0.989534479603591
0.435334667039883
0.89599198803599
-1.54052594187183
-0.890299173810463
-1.27008228328614
0.755219867417666
-0.272479203100387
0.548857234320209
-1.61427218083182
-1.10427838155468
0.502838695620129
0.591680703691883
1.57092688853837
-1.07502243548281
0.184330922298514
-0.265501567854067
-0.296303313413136
0.918563973606692
1.2874019481882
0.465395970562134
-0.295006777474106
1.61196601714156
-0.506494626045226
0.309525302415607
-1.90414015470242
-0.347300567459348
-0.593600465306319
-1.55085177064347
-0.743329148924103
-0.406172539770355
0.0323062915629995
-1.81252692035243
1.83739030563344
-1.1685399367828
-1.93640770172034
0.425201235415873
1.73250929097077
2.79612451259226
-0.506016425258033
2.106185109322
1.14414767866349
0.0476665670189945
1.88965323797071
0.3270112151754
0.25550547743371
-0.593717422170841
0.210204741529493
-0.1008488912405
1.08810522929655
0.0852333665156621
-0.0886754547231723
1.10639222457979
0.879927754782627
1.63371785378908
-2.45405324432675
0.232292728097043
-1.29666029037257
-0.0210028530333991
-0.298437287935334
-0.0216849225001147
0.353715995734511
0.639596910462898
1.36601480723493
0.566554897437023
1.31532740597766
0.365448376050558
-0.973729063909023
2.36406746964814
1.2931015343739
0.145430407669575
-0.805886993264665
0.710599582442623
0.675952006964642
0.616746786543763
-1.05294930038232
0.596995588510902
0.522833973186886
-0.20796924894155
0.567956190479564
2.02970472779563
0.814387835673623
-0.292382965703989
1.19458006987027
1.33909183106308
0.637923936371984
-1.16041236733407
0.737260338072971
1.25652590110371
-0.601474762614724
-0.714628884731248
-2.93337286364488
-2.06552025989094
-0.914613234939662
0.00247323464130841
2.07836545188633
-1.30827045095226
0.62419322581451
-0.208163924600485
0.00244887508667695
0.44803983684586
-0.19135330191272
0.292065933733598
-1.24935019303716
-0.295528000535416
1.45728970419907
-0.035679696273672
-0.282025631265395
0.495356361565336
1.34859341572541
-0.529091054509567
-0.0114974516941934
-1.18718915892782
1.57973171936972
0.335513072187555
0.402937816782298
0.949354288620637
0.278615798792072
-0.154972492842338
1.39147231472238
0.0216119078838948
0.695023487588663
-1.47758231569563
-1.05158211545828
0.457700244236158
-0.838117583709417
0.357821808100859
1.90086648798938
-1.56650821816543
0.560802484867893
0.255085072348446
-0.757945960646911
0.26152064153191
1.26535174835784
0.462571027798931
-1.04387299369456
2.10362295762528
-1.69532220438476
1.81227677782375
-0.603909606123156
-0.892700185563196
1.06641216063172
2.07496125003254
0.121901489494051
0.591531321056539
0.537858780263598
0.847367454069349
-0.752987274045573
-0.203195181585549
-0.858512962751364
-0.706726393176527
-0.60222276871966
-0.0145891856391288
1.89646534265707
0.503516551087751
-0.162812494038001
1.01533714704061
0.748725448977035
-0.789984694562741
0.271801899932753
-1.80215018258348
-1.29420951968775
-0.0245991725616477
-0.117066066299734
1.48475677126101
-1.28897895882539
-0.216084449311013
-1.48438062507659
-0.139521305584438
0.17321574921818
0.27172383309189
0.00928733772213029
0.561918508442556
0.0220663993090824
-0.285584841347995
-0.852298681702373
-1.13022984887989
-0.490426043096485
-0.656332560019147
-1.40660208304494
-0.592629293432766
-0.255001950123073
0.76948838528087
-0.931368811163081
-1.53402414685648
-0.16521555013618
-1.53232689672559
2.17581924292533
-0.526315992267278
-0.110348083663871
1.46604361662054
-0.810423514276858
-0.702141139327372
-0.22088284836502
-0.838301551763434
-0.990311814084155
0.735534482932641
1.84499652305164
-1.77473069757613
1.42330445962854
0.666367126045025
0.182945468763317
-0.457042684340325
-0.341929433466798
1.29830876955748
-1.24028639779406
-0.243776239001054
-1.13463098200578
-0.395109249169166
1.08987388605019
1.14322398652677
-0.436015480832952
0.106668444319903
-1.71117975789568
-1.8412009805418
-0.182723702785291
1.61490558540143
0.967743539865952
0.715277800945549
-0.27718594540642
0.698198621606148
0.690151137776159
-0.796830271055917
0.977638431614762
-0.207437878659151
-0.308588947438873
-0.250711247168078
1.25285769892727
-0.208222624923149
-0.212159523320184
1.32888985276388
-2.05775773999162
-0.933711063128339
-0.0734964269103451
-0.580863539130664
1.27627748712792
0.0551791020083602
0.102196778098676
0.464527722035868
0.0249698446193881
0.718698673324911
-0.0474470894294127
1.5888124579938
-0.222164994974846
0.876530285199136
-0.866812352798867
-0.126826793408388
-1.06431884397827
0.67189683865844
-1.05440827327618
0.880519241500506
-1.34274238059493
0.0624542737352257
-1.06809026746753
1.09802744659701
0.251048311448181
0.586445088427849
0.061796698577694
-0.769445922671712
0.350703645205004
1.0455870029579
1.43036395375288
-1.71093564228368
-0.237185469485503
-3.4279733180298
-0.719945049744625
-0.0417381857425197
2.12058299072548
1.13031923246293
-0.630005314078541
0.983170508070529
-2.23936366122534
0.943445367776848
1.96755078003603
-0.271614545036048
-0.117031384257087
0.833201397455321
0.915063014015741
0.268320550763044
-0.244302626773136
-0.547525481574683
-0.761917560180757
1.22048001526486
1.33944676700763
0.755678489537643
-0.250639460015075
-0.58779492698124
-0.248401044015081
-2.47857786564144
-0.626125972266212
1.54815758719564
0.179921434851757
0.857822216980877
0.255458470804966
0.25529473404243
0.679064412400878
-0.411752791809097
1.02122486074241
1.34804684872797
0.688012461777129
-0.443534453741673
-0.102371276266503
-0.550009973993438
-2.04727915545021
-0.515330496990863
0.790412209938052
1.00872726506566
0.439804164156112
1.07562967118018
-0.125517557093471
0.0134799459844464
-1.2213906447255
0.749556079006709
-0.0436804927130458
-1.15963022388334
-0.45929237175586
-0.760118261060096
1.60663795515634
-0.598593249079035
-0.671908640057091
-0.504300540474801
-0.274806925505603
-0.536117175237742
0.319270691553352
-0.381195389649895
1.1159782953092
-1.31371047734313
-1.13348804542713
1.70732548114261
-0.431420840494584
0.277187187608141
-0.636852947613638
-1.15004826799164
-0.97546746955281
0.130382083200472
0.12874704834917
-0.259444366013382
-0.835221884584345
0.341517469630089
-0.756227637276409
1.3833353647437
-0.286990244869093
0.440034051922023
-0.112948422546732
-0.47891087157905
-1.71731839524444
-0.64659236777895
-0.822893903828736
0.823618883618573
0.0338863915211936
0.289844421390795
-0.40815917157205
1.03171740949934
0.074818455033574
-1.19293962925482
-1.74007737833814
-1.38735051600207
-0.333576256557483
-1.17091491815687
-0.955469319635875
-0.470772964241697
-1.48087481908315
1.70496453784328
-0.373801206272943
-0.467230820502242
-0.488522714755737
-0.66371608167998
-0.055631662779079
-0.794457857317849
0.0186377502094078
0.303868130537935
1.95630192614523
0.756481876521279
-0.710958307466396
0.0398463928035089
-1.70063646613502
-0.523476932656316
-0.322961093870597
0.475223471495477
0.254998138463881
-0.225128791073607
-1.96642384538096
-0.252191778561865
-1.36949877591576
0.0438969567481233
1.07844579539749
0.591560272415145
-1.8350973701404
-0.497079230065157
-1.07770591996219
0.193112586056385
-1.46401900872482
0.454577727338347
1.40773787720958
-0.250515193339898
0.333592276484862
0.0657678684795545
2.57433056532226
0.0111800445447594
-0.20594928172536
-0.304222747301262
-1.19767721696398
1.16052217108067
1.73080556940297
-0.0111319068280255
0.767267241026053
0.437811805640999
0.60874794589249
0.0843992181003833
-0.984284676274157
0.00163250875371159
0.367748690609979
-1.38439203903658
1.74885507958578
0.285047427262287
1.82304522834032
1.42054112559799
-1.84646283755366
-0.95085065653623
-1.30793071071149
-0.202320923676936
2.38136703176671
1.10488618299396
-1.17550033583405
-0.257317873159766
0.0720464624663008
0.568883153587615
0.323076383611959
2.69091833353013
-0.328597529634077
-0.521434165450502
0.024856107986929
-0.145525644280331
1.07233120043857
-0.373624488274708
-0.704764959796357
0.921155312065724
1.46795050326887
-0.00775859605842395
-0.45144793622392
-0.743424067070419
0.955466586681137
-1.74045291775166
0.328094646767412
-0.618801566749302
1.82164716942213
-0.569438029964176
-0.844041851583423
-0.311306187661934
0.565346558897873
-0.996078105130955
-0.00656794636646521
1.61650837826894
-1.17341507692793
0.0577815346132933
0.379331635325013
0.566428977007465
-0.205900610991762
0.849443844209201
-0.242113563154149
-0.718196715232663
1.13604973206601
-1.33978378638307
0.108523047512464
-0.421516730993798
-1.64054260434746
-0.843230046021075
0.105146503037033
-1.26080013621434
0.33853931038485
-1.71609632818632
1.96385788844144
0.849638121641164
-0.556785144141517
-0.114707823315959
-0.474255310316813
0.558046666598843
-0.684573793165613
-0.323846644858054
-1.22420985156259
-0.996616686962679
-0.434548512906953
-1.33776351932236
-1.33669292215476
-0.170081670740438
0.0461688816115357
1.38734530494999
0.144014207333437
-0.20778938782423
-0.114061551599321
-0.236721661147046
1.32516486519536
2.13901437215353
0.624165166394945
0.614382810847364
0.245909479510279
-1.3790954900842
0.44146566661294
0.0781950222090205
1.6892021412931
0.90187432944683
-0.113237314395462
-1.44296285511516
1.53748933082192
-0.336954395123405
-1.13479580948382
-0.728294331923296
-0.779138096713772
-0.391701756481508
-2.00266466521786
2.10235902266512
-0.264808824095761
1.45828178090009
-0.324822053648209
0.686826455457208
-0.108466549783848
0.609304697068788
-1.79389712482444
0.669194853919225
0.271792577403198
-0.392509004538983
-1.12159555244971
-0.954578550254157
0.269856548472883
-0.584170204384294
1.40683047392515
0.199787875762515
0.508464603526306
-2.35384572599688
-0.573201955497943
-0.541756177334129
-0.635048738308195
1.52054294159806
-1.40057381532912
0.905201706631962
1.00411902065779
0.547710331774742
-0.50407217509348
-0.596115209362
-0.291506430230357
1.09760478490266
0.305927543711898
-0.326339783772271
-0.188606366000489
-1.67515153292222
0.520301289787411
-0.0105821530169892
-1.12327086694815
-0.540273166016536
-0.246329258581356
0.484860940971075
0.9419168543074
-0.0909098350550979
-0.394029672321969
1.37386756331798
-0.230709938805687
1.35715726822891
-1.67245465376526
0.742552035748634
-0.10941633728138
-0.279884045930982
0.638599107870414
-1.36171877575564
-0.615446851356846
0.670032098260136
0.535927922610798
-0.988458702770414
0.0977301419197222
-0.148501335772251
0.59394455055321
-1.19423275284057
0.23511196666378
2.55483327930421
0.663039688864697
1.7158327900727
-0.265203161685574
0.191448433539393
-0.427707958340199
0.105133925583593
2.22963443457315
-0.037901528247653
0.643307321341013
-0.278476613822664
-0.592323682626985
1.09859715260438
-0.801974893832146
0.446654412123705
0.602682841846874
1.60215274657284
0.192563758007515
-0.981161235531887
-0.145445349170488
-1.96587614751701
-0.616290589494073
-1.4991508485344
-0.913460917112737
0.928582387893944
-1.11443292032525
-1.33387652495285
-0.754615655012518
-0.0453577198198419
-0.897742983752239
-0.275968392848636
0.023667334940766
-0.434123611852057
-0.0584824762533115
-0.735029342386918
-1.80569993553482
0.210065871071267
0.770439214791137
1.37467325684575
0.436002721896774
-1.99105678428058
-1.27734926306924
0.865991509090871
1.04418974535335
-0.768833591953773
-0.984723457426216
0.124310820331885
1.54570118612751
0.330239782008739
-1.82090036035866
1.42875314777628
0.597547319754165
1.80289226369359
-0.120781874320685
1.46293578089715
-0.446757069365252
0.0190158956055711
0.75595805164984
-0.273615239036402
1.16157845824365
1.13843358144089
-0.295306715493857
1.6613120740512
0.944436451590063
-0.439469318865486
-0.272010197151371
-0.0382796309744093
-0.48956414429958
-0.526555823854596
0.584573355027473
0.342061188010631
0.824319682312546
-1.37537289715644
1.08526236616372
0.754919430536504
0.452972987481851
-0.202410118210638
0.75451091713276
-1.70368886239868
1.96070236699258
-0.579175589682812
-0.671112029340037
-0.868502524453201
0.58303828289011
0.3447790056436
-0.234805674277735
-1.04823505029798
0.529621351600639
-0.407918558321195
-1.30342049329857
-1.53204213537352
-0.683830428773648
-0.383107439463102
-1.64466979050112
0.975836498136953
0.067131299409785
-0.879198550011916
-0.470898583133831
-0.445734407606885
2.13756959640349
-0.254588185619135
0.155484355979417
0.0414822310010778
-1.53025642267648
-0.0669580753906803
1.18049101515213
-1.30523170812022
0.232679657679441
-0.356791006079531
-0.46832832991312
0.726638446177941
-1.63070344960727
0.776080061064432
0.835553487676794
-0.229226796306862
0.908322047941038
-0.0562479510665814
-0.484640284617921
0.256916639172378
1.93887446029145
-0.617286085718914
1.14516390918953
-2.55259013444924
1.78736146102382
0.570210468956778
-0.672867210421471
0.247784988139052
1.95422793684893
-0.57696593825112
-0.896109258869974
0.1399352884097
-1.09771535051481
0.743320551782489
0.427082954003678
-0.083667127244385
0.151449314467024
0.144429187663185
-0.00219115229154574
-1.545906342151
-2.03290657971337
2.02277399103799
-0.552346079682407
2.51066821434203
1.51511011129244
0.675168324442479
1.16113788118209
0.657316525935008
-1.31890355704195
0.669696748054201
0.526974168730589
1.54897788251941
-0.410771878095762
-0.933935924975935
0.385931818846335
1.53736036367263
0.768039970160322
-0.195517487084283
-0.415414571005304
-1.53245479908367
-1.16647661382557
-0.349147022754566
0.668558883526148
-0.0128063894395913
-1.57279234438057
-1.32658537911447
0.489920579509267
-0.966111245675872
0.779142610458034
0.155201528893327
-0.148604511182892
-0.894822682749795
1.20191376049437
0.265770908222606
-0.687808642816088
-1.25244658650242
1.1391345121797
-0.643785305123169
0.575211606410771
0.344855760731404
0.293368744703587
1.1981898392239
-0.213863050214446
-1.90649067074284
-2.2789607740164
0.440058780954605
0.876266231310549
0.8374921023046
0.845039929242608
-1.95501996254552
1.1757469660122
-0.0429339887928086
-1.43584919763508
-0.0754761794427034
-1.29404130261384
-0.882823898727902
1.49812748955265
-0.233976090852874
0.0526279663373449
0.866958411248013
-0.418180960933109
-0.0336718295933581
0.487987103280145
-1.01592388704638
-0.741726911117499
1.42313787090595
-0.295462922170045
1.1749250470594
-0.0563812241890121
0.548340270979632
-0.27482637980109
1.06715098842195
1.59267638614886
1.02841623540285
0.478311726469637
0.0735567607301807
1.32953940425178
1.66411533291064
-0.128755918934095
0.131067822459994
-1.47587835551869
0.144936397260215
-0.134081254795445
0.458901517607234
0.332266127394054
-0.0447451899020006
1.7755659293464
-0.718167186224228
0.237574026903821
-0.862381008380696
0.186095622103248
-0.41295635088328
-0.472392378698729
-1.54942022001088
1.21351690341758
1.09883005247175
-0.259940406953804
0.454956760036058
1.36941944630515
-1.45533159300305
-0.441962728522
0.947120729389664
-0.637131118197032
-0.0658013668971194
-0.192995399450402
-0.00457118859136419
-0.653254274995428
-0.845714905387854
1.77279412298442
0.369210682898076
0.378238164338797
0.911674343174163
-0.721986061599944
-0.514599673241235
1.29074582370781
-1.79000731261582
-0.504703001111991
1.75969898287819
0.201784092815284
-0.453901714043044
0.555102280469454
1.67842502096528
1.11758975660152
0.674607556271829
0.129944345824235
0.555097915148622
-0.77829980434826
-0.361153973072941
0.179719408889692
-0.461807054018938
-0.943191684631848
-0.0784404503540634
0.712430761731942
1.43146289262447
0.548599466341708
0.158771630441738
2.07411785929347
0.535394189303818
1.39182795081155
-0.693843197545009
-0.0204766485331509
-1.23579928087443
-0.131312439930676
0.606970601433904
1.07922664056611
-1.83052927633802
0.510233022604911
-1.40756191784873
-0.163064326499258
0.530230510947668
0.279301030137278
0.223728917091914
-1.41470651600919
0.999910522286938
-0.723456168365701
-1.02477224323159
-0.32422109351585
0.208006775753354
-0.146648469551335
0.145703702365085
-0.28028143175397
-1.47986165968098
0.509733999391987
-2.20670944661242
-1.52648197150678
-1.32408764319836
0.252508885613149
-0.390330771494373
-1.22173882826553
1.02939264414541
-0.590124884243838
-0.826339540814873
2.40245202313882
0.739126289429888
-0.534092283774899
-0.89739375582137
0.423901587617121
0.784390891385417
1.53433120811691
0.703500402242056
0.0635405276367791
-1.62842067687046
0.099440931239134
-1.6269932863487
0.54578053673201
0.56576274735187
1.0717392434746
1.45663549083055
0.895403995983403
-1.25885356123004
1.4189867947337
-0.0821146558967273
-1.27148651802125
1.70606619232248
0.277606658991368
-0.183554752924144
0.328664291620525
-0.511366964103406
-0.780330950606995
0.815463912249117
-1.00391029616872
-0.257225456739392
-0.174745384545794
1.69746388861486
1.03987042584681
-1.03895795728487
0.306849538037361
-0.479169672701644
0.75745590003812
0.697947444041342
0.574828013526042
2.30799246376906
-1.21972682589461
1.16312289169326
-0.0233839302595821
0.669647075498476
0.297516161511075
-2.2255801218077
1.75518294852094
1.24452509725973
-0.475104473046775
0.127162422109944
-0.373758991785448
0.369972956964916
0.40720459487939
-0.884425604555204
0.39628392311474
1.48044968273802
0.505766445863936
-0.417059070283987
-0.371667508036885
1.26833503702092
1.07084284437055
-1.0839403102822
0.0524382239710384
1.33369968106472
-0.972442751341593
-0.525156545995419
0.287619110446805
0.174565024431743
1.63002100653174
0.184520789520905
2.08412683824087
-0.148166318345271
-0.939026904481562
-0.548990621041379
0.0967957340612443
1.02892046452381
-0.475498616023324
0.274838784243789
1.28031043094639
0.792605194574269
1.53768680665666
-1.43062903500032
-0.267926369453581
0.470325887283823
0.546653934889058
1.24850445849899
0.133713699164452
1.32246966017282
-1.68825397116418
2.18235637434538
-1.34645264236291
-0.31222950970183
-2.42721334753871
-0.897024124341953
-0.57113992297692
0.0305512327853214
-0.770696895815879
1.20049247014026
-0.691882775353549
-1.03228667108223
-0.783906432362826
0.694778280515049
1.15326450196034
0.0852029561027132
0.706310591552441
-0.789995054297884
-0.234935346009073
0.0641871729694493
0.848561856488962
2.16101827099141
0.326488673327385
-0.451506569968905
0.643036520190311
-2.43874658322593
-0.0352484533833289
-1.16091828527385
-0.12591548287019
-0.937438854927837
0.200408688257069
2.74773906096847
-0.161485772175847
0.188317489591058
0.154602250856783
1.75382753085614
1.16339298211377
2.32603083597258
-0.846687539088386
-0.0839191979695396
0.803856570194664
-0.0458592490174489
-0.526003735358854
-0.214107079751298
1.76453731259006
0.636527008290574
-2.53346392826401
0.265813215271262
-0.0583771121490949
-0.394612055239474
-0.78667432674188
-0.0401969951708775
-0.929756930338904
0.216906303068899
2.28278991162655
-0.245866721689964
0.625632680756997
-0.492626496073048
-0.081537036152663
-1.87633654800783
1.00328479119188
-1.12566973250649
-0.444616897793302
0.945019303031758
-0.926120724356846
1.26736408708989
0.839243741959959
-0.869462868083153
-0.448181089287385
-0.324944047549075
1.24249540643898
-0.640745729649836
0.835220873258613
-1.90031719492162
-1.16325855492547
-0.704428656053505
0.407809776928167
1.85658425075177
0.300206216763694
-1.49449546863016
-0.727755725835734
-0.0559167730747227
0.990773674026679
-0.408851743230347
-0.735620105825462
-0.259230892047982
1.1522156428422
-0.916880048648271
-0.487820093765923
-2.08218740084043
0.550094703046903
-1.29543445632931
1.84409216514671
2.66090255204358
1.36419496861796
-0.16220661043609
-0.282795435946411
1.06984811179658
-0.199603045932494
-0.849942871653971
0.526136481921577
-0.597115673903539
-1.83945090070076
-0.344052974118611
-1.47222069380943
1.0816602984076
-0.465876902049351
-0.362813346095613
-0.388498713385107
1.6635328665909
-0.0622317871195048
1.03597134927896
0.0408435447758176
-1.15681836203474
1.47615013104099
-0.133719219695625
-0.637324751095583
1.19907863011125
-0.143049693370705
0.0152388832571475
-0.760365969466507
1.13504603424715
-1.08395366287938
2.1829491642458
1.59009339835482
-0.91362894908982
2.34817731195273
0.342223257775896
0.473383811303679
0.0644000277811038
-0.723147864753244
-0.96602407465289
-0.864250122008589
-0.382478353913812
3.50995880765902
1.79442373438169
0.752779654755765
-1.22870892655853
-0.197015847597584
-0.439026993587831
-0.688546771062487
1.08392605745899
-0.59137360594654
-0.324896563326659
0.287851684694397
1.62851603752303
-1.37348280999444
-2.54731454676058
0.151292731210892
-1.12346299108537
0.177203304011693
2.01629045278593
-0.498318628630829
-1.31873933482414
0.0842386044119104
-1.60294820783892
-0.215059372246183
-0.547599472277013
-1.07098612686412
1.14570343136819
-0.934806102917491
-1.81620449140176
0.945369180845973
-1.21695558211931
-0.156817026976802
-0.343589268573018
0.339352919920617
0.576977076858082
-1.44597720063435
1.09542280740273
0.113841501919341
-0.554752407801297
-1.13844889803913
-0.590082544045902
-0.463457001214985
-0.383972937507227
-1.21275220112389
2.15298153131916
0.0937351322068332
0.547139452796242
-0.614437269334894
-0.755964567264918
-1.2727442717145
-1.26572196551425
0.694900378989078
-1.28555878024512
-0.615513927669855
1.0137093944805
-2.29149509039019
0.31842831968223
-1.45622803098792
1.11238983936815
-1.25359230503763
0.189321251371351
-0.314727810487644
0.00460589294434982
1.30930484752248
-0.0539864635643286
0.799222761195424
0.819887477161004
-0.451301415603026
1.20811090349868
-1.59904321274165
0.201140724342702
-1.01887297781855
0.343835027711757
2.25690364545415
1.21421680070585
-0.0196530081986561
0.505551527787818
-0.343431948608991
0.282726004335006
1.56976389778336
-1.0841971639842
1.25385469998606
0.711088615050354
0.707586160413984
0.338321128921567
-0.512012603209803
-0.880415447027181
-0.0431662562219958
-0.263381265409819
1.35041361249747
1.12406194620835
0.793129310781003
0.702554482764267
1.46212922308821
-0.134153521131927
-0.230941322909918
1.20601621319159
-1.92526835572091
-0.822608490156921
2.36055843944776
-1.00507581594019
-1.99474028732932
-0.457352860255838
-0.144546785277698
0.611306042055807
-0.279310510767549
0.544012945179867
2.23887194423572
-1.46752627089168
0.836993003974886
0.858839812822845
-0.435189583070542
1.34351606861961
1.64590146544968
0.306352853606244
-0.262035809929447
0.452779951612711
0.96728555123508
-1.43543019458925
3.72995464628569e-05
1.0742588936515
1.15900205759737
-0.367415684177381
-1.17513701962059
2.43694486736273
0.547783592581419
-0.814518996572082
-0.484905225757835
-1.10223066160271
0.880003076398699
0.977143578079103
-1.6024071885485
-0.537569128688353
1.50448707648595
0.555025707869604
1.35605849431609
-0.137432974836081
0.59025299233291
1.35527930705343
0.140844757503573
-0.953533498308299
-1.228877266126
-0.504702665167092
-1.81563054088137
-0.672021000762595
-0.0895774384451523
0.601142728521494
0.254527290347451
1.0073317204618
0.4359551812659
0.275457596163386
0.0887245003677479
0.627674414790414
-3.45475725749486
-0.721982983282599
0.0498388083241909
-0.440805542681539
0.810260299373891
0.253292377662137
0.0180782330035206
0.420180749198258
-0.73082721165867
-0.852330940488866
0.304131522258689
-2.55639528395684
0.434380047396694
1.23037652990493
0.60117137770017
0.156152536416132
-0.26108657934331
0.374220454547009
0.956352912592309
-0.323505365072859
-0.16576703541405
0.310787329811618
0.50889056340901
0.258245128434361
-1.27911302747247
1.29041936608992
-0.128840553352623
1.57774636998188
-0.305774989739426
2.28394419777445
-1.66838857455356
0.0609611236955736
-1.52531980117683
-0.785902534181613
-0.000622985943302594
0.00620008319124199
-0.561634777525923
-0.721074004512066
0.495737525170546
-1.48268610171533
0.467904847906599
1.00342755829842
0.508374878227245
0.00565192645716997
-0.410544771005964
-0.63771612902026
1.17022212259071
-0.0101792079263213
0.335754852043541
0.826206075809973
2.05178444069643
1.74868973439534
-0.301473268607098
-2.23574290045086
-1.42564212605636
-1.11495522268183
-0.144066662632863
1.29994781261352
1.41291368391494
0.934075956750071
0.966075337409256
-0.712853960691689
0.144534492861548
-0.20718811218121
-0.0729358129121214
-0.733575881075681
-0.278368009496245
1.6879004979205
-1.82720521390282
-0.0340376198334303
0.360213999015722
0.786297980871297
1.56151421156746
-0.324886116635996
0.33306751519825
-1.86652425799482
1.1026107541006
-0.0810923878132635
0.768224859239011
0.421344447369049
-0.150666649431867
-0.402287707872457
-1.78389543017047
0.756891950556116
-0.510302547772482
-0.644766933874464
-2.15758176455414
-0.0416587002083906
0.302890984735706
-0.256537072802922
-0.428292385367789
0.854511941065268
0.171359859457251
1.13355738079608
-0.672351237121672
-0.673432581229442
0.926619877209249
-1.29712246613811
1.56114508764786
-0.541012437075432
0.813282784759761
-0.23184190759873
-1.01662141380448
0.486426747624277
0.806808513608462
0.0779848920053422
0.0713133571264946
-0.981194505696439
0.230716439610143
-0.122981896444283
-0.948603755799774
0.385619067262813
-0.492547945910441
0.459891466655966
0.261340157676095
-1.09502035528331
0.0915431410408877
-0.605224481527292
1.01105471843305
-0.646792229442668
0.469519301177198
-0.838232746292179
-0.158639041701725
-0.306399578772529
1.52424716087833
-1.18889868420969
2.04510153646393
0.713068376904106
1.14693004044564
-0.133436916549662
0.192972721209699
-1.13349248009848
-1.53690582525586
1.6490284047437
-0.984542596387356
0.999916805404418
0.665847276282742
2.19531207659115
1.24807718410657
1.16753232439993
0.774199346386028
0.523596811506712
0.322636132507902
-1.13214613533748
-0.19313299678244
-1.45440532538756
-0.543068958860249
1.21840687764318
0.747005100770641
-0.051887178042668
0.163602400834815
1.56705986233538
-0.297322561980503
-0.266507641428583
-1.90279152435727
-0.659308887650826
-0.649421319907329
0.375493710198145
1.40851155780983
0.732363882677743
2.76394961099485
1.22717607174683
-0.0290447048133683
0.354140682828337
0.0101276200095501
0.984237059877255
0.271232157108849
-1.44972824560971
-0.61288291576189
1.03256319240683
-0.392340882811192
-1.05361228969695
0.151631945432432
-2.06082163895399
-0.216597690841241
2.31708128738
-0.452915103839107
1.87898194998403
-0.0169070756505394
-0.539041232544237
0.514457139827022
-0.510242538562186
0.00232885098059849
0.475069641350565
-0.415152051302054
-0.730361036094416
1.63605568343039
0.506655211233815
-0.149641609403597
-0.0972031859799354
-0.238717591691148
-1.07530277965393
0.568958551114059
-1.00570993642919
-0.691275884362949
-0.576077557760432
-0.331925807786218
-0.19052311162776
2.00720758119474
1.17022862460989
0.255708366783136
1.12225424310937
1.00054203691047
0.332525755631247
0.42113629542884
0.0584226840319862
-1.47182612538387
-0.829619413622484
-1.84562102364792
-0.0413590653775529
1.0369897306591
-0.59523203657501
-0.750939868453932
-1.31304727095688
0.99186246406309
-0.413162342014709
0.208990591379223
-0.431356258655321
-0.174172300712677
-0.155197750687549
0.267140250596812
-1.21635467747001
-0.64886138310992
0.405201271289285
0.639311673304331
1.69249230017038
0.732199662973477
1.06887951517049
1.47817050458447
1.88549291844233
0.694556120239659
0.713621090993394
0.173156913704455
0.86003054275825
1.02795578914508
0.0994043884934579
-0.973944341727405
0.0859938936186437
1.55985658670953
1.14168280272688
1.39093297507962
-0.427088316988346
0.594836176715617
-1.68124978125276
-1.08012653654314
1.651165751061
0.0573941873036976
-2.22913366650563
0.264094357825909
1.11617941622677
-0.89195784744118
0.329662718965901
0.783314061282081
0.238114061837994
-1.79927285331853
0.563785184715713
0.796504754337711
-0.258388880162707
0.797065543584986
0.190289454275188
0.365495940278432
0.581912965353093
-1.81814346030426
1.0933623881581
0.382754525513329
-1.5266411179519
-1.52967987721077
-0.521071242445657
0.814508932919265
0.427860585541017
-0.18357881466715
-0.0230371444877324
-0.0421567272392629
1.11432747809997
-0.185858836012484
0.0244694021388408
-0.0406318562412752
-1.29313713944778
-0.744023692308081
-0.580340982218475
-1.68171012855551
-0.176436919387224
-1.38147337736202
1.98376821526443
-1.37653846146945
-1.79039872329606
0.722598398980602
-1.07915608392962
-0.335343666684605
1.31643301472852
0.00785258999331502
-0.574773341160012
1.65999291046455
-0.161956717237292
0.35180113289496
-0.59734816530828
0.293040629405546
-0.033179333563853
0.121788563166025
1.66941378195454
-0.804328714582776
1.71387840319216
-0.266693455151153
-0.87015352322059
-1.35636252175617
2.16176309614432
-0.267445253903373
0.0858053038286213
1.28021492412701
0.121525271317864
-0.432284209091598
0.2658240212535
2.4728469012111
-0.0650091580154538
0.382524425157281
0.297148127816251
0.56267109482677
0.546369161049714
0.0660725439344305
-0.522992160357641
0.032458735914143
-1.18861477541942
-0.673291873346893
2.24955245839022
-0.798885778538812
0.504840854779613
-1.47330595655798
-2.2095037411598
-2.18527689899118
0.0456444003850862
2.42983835493579
-1.49933385195516
0.340866584589154
0.264536309493079
0.370819276740275
0.363476577131609
0.347734990676616
0.620027534576688
0.0481463681639328
-0.941338378073699
1.04124556563567
-1.61800757193435
-1.21947811078995
-0.382529490259658
-0.281841879247069
-0.177326945201147
-0.884084290385922
0.576896915142958
-1.25453241398507
0.439230499953949
-0.18107012813757
-0.329192594550806
1.47435359221394
-0.405020793420059
-0.790460119212719
-1.29694637110356
0.362563275873365
-0.145778656327844
-1.10829155971613
-0.345812902018341
0.0466693638204505
-0.291608466510882
0.0355367422895813
0.112079651039736
1.55123218474235
-2.02316256236713
0.575036044292457
-1.77323583026802
-1.44490676031589
0.669313320997042
1.96088620942833
-2.49736371171853
0.739361205614681
0.432626830108773
-0.732806783176053
0.881432837182542
-0.695720779464259
0.898250433008101
-0.736402446266846
0.466795279816413
-0.97065912156104
1.05381563451483
0.12743954786995
0.29008607855898
0.275497044070573
0.408637793484956
1.77831058767905
-0.944971817579993
0.129686625964788
-2.37776044453421
-0.760460189811807
1.53061092710478
1.50051868607559
-1.19500169915012
0.37264029323419
0.114426805194582
0.225900613613116
-0.461170317328565
0.317951091928706
0.209123109070996
-1.21245419454225
0.418722039293424
1.38050740134277
0.872703013240451
0.0830854665924516
0.704751638303528
-1.30569224456824
-1.60786965211857
-1.36308237206052
1.66313026309494
-0.303376232581304
-1.21920588527029
-1.10531424903001
0.476617883668827
-0.830340276206721
0.211629189184264
-0.300360161122374
0.969934136054974
-0.085485052734116
2.14307238609614
1.34254970493679
-0.617396704258923
1.77221347611673
-1.81450532998139
0.681193858282079
0.116125091401404
0.490674981813449
-0.817542664406628
-0.172960937619113
-0.669172169806481
-0.306539056465912
-1.3583967102977
-0.206644725179581
-1.49998373378903
-0.111594553483419
0.663915681733747
-1.17168230730038
-2.28523129124626
1.30005674872808
-0.105982079783051
-2.07389179404997
0.976377114834547
-1.07500327182094
0.132528284406087
-1.36075001469987
0.259298085351674
0.0126011806356787
-0.270676955494688
-0.717789181855128
0.329977013210792
0.933557259900272
-0.210877689521138
0.773475177713186
-1.41192990066089
-0.128457266298606
0.177071121202721
-1.02892382655582
0.75454569204602
-0.965532305134653
-0.0298672723473242
-1.57755714026816
-1.27126216664
2.31107156140482
-0.682670554906796
0.197334318317531
-0.729368145915774
-0.835790614141003
0.114525995252935
-0.798087146266979
-0.698513670796327
-2.39458346547237
0.631652816808455
-2.17370493085856
0.91106646963136
-0.952608123804086
-1.98640223487834
-0.545533669770099
-0.223560506329989
-0.490948696338352
1.46875842169801
-0.635992555004625
-0.379639690998582
1.04108925872153
-0.868208652864158
0.452476622543597
-0.025852817945713
-1.90605888351889
0.2483620026585
-0.206772052924644
0.71715898997328
-0.468093158907933
0.738010233957431
0.0887768388485753
-2.22696439291015
-0.300217407909431
-0.858061418617474
-0.547126380325533
1.19508301594382
-0.316642340396004
-0.925514365652998
-0.48294650756622
1.34011539190276
0.466642072685052
0.007619641836674
-0.183596345454063
-1.47185608395882
-0.979080274877803
-1.12838020413635
-0.721564008752041
0.249852908096569
0.71962026051571
-0.466392864839938
1.55016209958413
1.04970695664751
1.19200759395796
-0.0426982511104814
0.250964647609421
1.56944870074364
-1.19301687471122
-1.98292666787232
0.26049788315555
-1.23501815523425
-0.593793246466811
0.100431269873649
0.514225320755823
2.18115290707683
0.634370409315999
-0.544985766368027
0.411165182482992
-0.207267836834632
1.52440480907937
-1.86969823952563
1.86113446457323
1.28291048143631
1.31906435768549
1.45294797738906
0.0553763644368253
0.245524612381672
0.556188488953788
0.252198372902829
1.15006121972753
0.0893350637901065
-0.560308268325349
1.26912805258756
2.2067299610902
-0.264743772321451
1.41915090613197
-0.607306740962393
0.186116044917325
0.85764756762964
1.04729054250581
1.29035477137627
-0.598753967547224
0.557522118715621
-1.63426662389187
1.91215145183661
-0.309243632053874
2.38311896002126
-0.389235762956615
-0.539648458286604
-0.188451803103271
-0.438629449687416
0.905303814302657
-0.74782875575998
-0.686888957933456
-1.3597130670177
-0.621530485769918
1.62024803553819
0.128237935117353
0.836577375019577
0.108660167017479
-0.00315060487648093
-0.581122467463364
0.0638585686254593
1.50951160894109
-0.965846471686812
0.493448704600276
-0.313338090106993
-0.00362229691908758
-1.30416577715058
1.08155066097705
-1.42866785259826
-0.423812380655864
0.564015572891471
0.231417512995662
0.520931024679633
-0.316681934540914
-0.461689017914187
-0.685883910895546
0.620982285520962
-1.60393412606271
0.798714730624066
0.351479290659445
0.617449397942794
-0.318486183003749
0.131723535320796
-1.29727084621234
-1.18302861450699
1.60432189914907
0.635625479636152
0.3921998073201
-0.772634534205738
-0.819858619041756
-0.289196629606863
0.521102657948952
2.16020372489528
0.526067848405677
0.927264006202439
0.968540589083129
-1.28368061730576
-0.214742224595784
-0.450940797051876
0.626434415150146
0.355660471598049
-0.170225230700702
-1.09872350400126
-0.222135297923207
-1.90494452154273
-0.0493540837924457
-0.688783226328296
-0.450441205662889
-0.948406437836475
-1.2104675255612
-0.0476419578908938
-0.613494137268537
-0.156604947307065
0.0324293796023999
-1.39118540373487
-0.332335567425025
-0.852227000909088
-2.14879408352679
-3.65628525180646
-0.733663485040213
0.688649820035381
1.26808575759863
0.179911096016765
-0.0659949058587779
-0.886591280803327
0.081745957581145
0.48607304589278
-0.70518571211459
-0.562647813671222
-1.74248074136133
1.61653533512985
-0.416581667790855
-1.31840097474786
-0.720178720213825
-0.0236957365575814
-0.372378824634142
0.384581959349933
0.359303855592686
1.19694026788007
0.782919116351814
-1.17703006278992
-0.945633231571113
0.170653962091226
0.0182823651200059
0.58665724396638
-0.314960150489134
-1.5817737066558
0.950307099760123
-0.980582373954735
-0.499926973110946
1.80120012217249
-0.434217668127709
-1.36689577765516
-2.04731133873601
0.0662442361182526
-1.81628855893661
-0.429139641977536
-1.63531492741279
0.577010245543316
1.39950565886207
-1.47394453155402
0.0711844710085767
-0.00839117918001237
0.882677215609338
-0.0779041836397595
-0.639413450082701
-0.509551375552596
0.04103726405529
-0.829149681421713
0.286708610169418
0.586607352635744
-0.34247596617623
1.50570965536596
-0.36980268421549
-1.11964298165008
0.833011495269923
-0.639226018724093
-2.28303514940264
1.22871028449395
1.48167397278497
-1.33920056316433
-0.450700873748686
1.96501207480561
-0.254765316145334
-0.0485430233275851
-0.514516560600686
0.316099466732584
0.162363792585333
0.346861957375493
0.333991785387422
1.40453278900599
0.279507776800138
0.105169927677938
-0.0973715343867606
-1.06293096895472
0.309824817317167
-0.937477413987299
0.253389978564824
0.323904948374975
-0.28673022640531
0.871526712478712
0.999528263754685
0.105356549233234
-1.19270581272321
1.17722359215303
-1.14908864194552
-0.147425040175956
-0.39004228306008
-1.25282839811452
-0.999342791650444
1.10334201140002
1.29518393495553
-0.0944515345239571
1.40913940323061
0.523961681328562
-1.58106246249326
-0.385827874705084
-1.13704682773988
1.07117925616449
0.776289977197103
0.208942110973883
0.922698954580856
0.121692736844484
0.491348648542987
-0.822913966357336
-0.571984187888365
0.590585692396545
1.87104242888158
0.424395460320236
2.10847994660307
0.526166615584737
-0.850390132967928
0.364923834709897
1.39671134819636
0.233468232638728
-0.984386457727819
0.954761319972148
-1.12655828245691
-1.42550888315848
0.704547259057358
1.09431602847167
-0.385276387143566
-0.269709813101951
0.698118662378034
-0.0476319462291149
0.688365130038793
-1.19580115072111
0.0593187364184414
-1.48202923544189
-0.395936979221542
0.460099591840111
-1.03152297446027
0.654732227309032
0.254149261447686
-1.21597315672437
0.694442093163179
-1.83274086102332
-2.32992832167364
0.551829284815466
-0.697402876192194
-0.457768166629884
0.890238874253779
-1.06991469068337
-1.67976713202408
-0.202834507249246
1.89274592590893
0.353558023689819
-0.567163571651942
-1.1906410565119
1.08440468735907
-0.0321553206907585
-1.3581435547988
-0.8680820389229
-0.704166491762069
0.90223404967972
1.09323001546879
-0.46011290836933
0.577555223631844
-0.126772130442542
0.109427780889652
0.327265501994347
-0.83932192510749
1.78591314337362
-0.843795846427366
-0.466545576872825
0.261934793699611
0.939313273567237
0.190996206052418
-0.340146425224409
-0.581452366086982
0.31513146355346
-0.22815373725104
-0.601688752664442
-0.144460017190648
0.544843158998933
1.37314434067311
1.16980208901059
-0.48159794896104
0.211526667502042
-1.18385887044745
-0.730439658459964
-0.121109002470018
-0.766959402035551
-0.913930465341629
-0.36263966350662
1.7504388929719
-0.217343636261206
-2.03153834783635
-0.0969634283223497
-0.911708925078679
0.696105861310652
0.564462123661687
0.967066488421293
-0.541138950636438
-1.46109738180775
-1.42771482010249
0.6227496195745
0.0998789535175873
-0.549739398463336
-0.379168321291307
0.962107004456732
-0.0832677871063972
-0.757777096975569
-0.364819952373768
0.00355608160441063
-0.204075023679934
0.456313778680695
1.31751191112273
-0.122686746028345
-1.38242445277088
2.11145654015948
0.47387755070963
-0.399224283473242
-0.616812024319551
0.524909961279201
1.48618069184286
-0.815726951383033
0.764500951599802
-0.830014515344475
-2.60457914952244
-1.98898631393407
0.436969566162584
0.517981531034726
1.6147144492116
-0.296110064189492
-0.38821805859348
-0.819954728765413
-1.93553630229271
-0.300173479327642
1.00435564149598
-1.13362182344717
0.856404717587279
0.863090719301113
-0.051081066996397
-0.999787281672565
0.391975927033823
-0.97072503651107
-0.219321327456303
1.49936127264691
-0.122555594057713
0.832428756567313
1.10282045604966
-0.995650868648217
-0.218152741418999
1.73780154882046
-0.254533246580567
-1.63915175905368
-0.990012750742012
-0.0494063734163439
-0.728207181306599
-0.103135160674234
-0.412743715183418
-2.0670877352078
0.565203961833335
-0.197421938813413
-0.644802177279551
0.13746612048791
-0.551596743574807
-1.8601685949172
0.213495953542959
-0.905294320796204
-0.916442708888139
-0.184743724813011
-0.231938557797587
-6.31743852993211e-05
0.739135468270655
-1.13259109443781
1.9947957243338
0.611961277188678
0.576708788689246
1.55566108151428
1.73534256812964
-0.00252712763910334
-1.26365097942311
-0.951842727902939
0.410454870198358
-0.676291815762964
0.0064673991643
-0.809694594043064
-0.116456132764931
-2.58552607303874
0.822803016971738
1.33789209380417
-0.44951811883532
-2.25904175707682
-0.715444978030401
-0.116182326626093
1.49271794805371
0.104452990873185
-0.419635562554287
-0.297133610661685
0.360123996632496
0.271910166344899
0.529369612513511
-1.22987004129471
0.0644472811382043
-0.237488196967641
0.591122865540667
1.15198793005598
-0.541230107409998
-0.10747354837878
0.0492675460416161
-0.451580135401285
0.581216577082822
1.07382756522956
0.156645360675449
-0.453639746933018
-0.891434871253631
-0.000166618547530339
2.70862504481225
0.924700366563113
0.539959286368833
1.42111201378784
-1.44760853135868
-1.22543100387255
1.08976313354974
0.957076070308927
-1.39791882523635
2.46933020758304
0.000563106497354393
-0.61113028436351
-0.791571444869757
0.103237113116842
-0.0783309384886446
0.491837453267528
-0.933673248152327
0.520372419782644
1.73010394811085
-0.639480208856304
-0.561737121463195
-0.860063128837093
0.680584104276595
0.341715810037341
-0.77717760668476
-0.97810955612964
-0.0338947078770273
-1.01975461439417
2.13322207594365
0.456507785081895
0.68899060181619
-0.417214998009071
1.06884396561321
-0.334778005691643
-0.561837628981255
1.14449213155756
0.181413747586375
-1.12993741297016
0.583026861446359
0.845377400113187
-0.839832451640208
0.54083291755154
0.773812180080861
-0.334074440036979
-1.06174887245597
0.916594994314522
-1.17475860817446
-0.8834910623822
-0.2581063759128
0.226164759219258
-0.330043500925711
-1.40218145156501
0.0802235591919771
0.089417932399637
1.20650808991772
-0.307062842833741
1.99416586402793
-0.0966438097865528
0.552206476446952
-0.0732237549849972
-1.255299698448
-0.102487285214469
-0.326616276760882
0.540836497322399
-0.0657453206816033
-0.905087125371533
0.462079120293848
-0.144679919455672
-0.288345555832282
-0.845676728460781
1.04252986335788
-0.279220051472849
-0.815314385247889
1.35736499968557
0.307651515149455
1.10840646372154
0.835851803985776
0.342376970452597
2.45252798072083
0.940752357007998
-0.969386215573268
1.26140374819934
-0.260926594505758
0.932854176301918
-0.478982778101831
0.0532539252270274
0.69023672186861
-1.10111536479961
0.978189094829018
0.722247698195799
-1.01961864833363
-0.197810033095475
-1.33834377155344
1.56833978308223
1.41895744275569
-0.397965552666029
0.586000848276521
-1.07972939621091
0.0478740284913916
-0.258683720361593
1.635707421341
0.864057792236765
-0.566039788953647
0.051548723560661
2.14855551664593
0.504157549020745
-0.764617959933118
-0.452037710985957
-1.91325355048379
-0.0201403559943003
-1.04810320226098
1.38862724818041
-1.49507308337646
0.499536632762042
-1.11910734121531
0.134188584329103
-0.295350934241494
-0.623273124666425
0.487689578160445
-0.433549467271851
0.243844794413291
-0.0752914664896947
0.649330316827809
0.0364681302576747
-2.12855096442707
-1.33725331148195
-0.320528207270599
1.03512750870378
-1.77219905459306
0.0268579441805485
0.148701090181139
0.283339822790822
0.280091654991111
0.916883540488601
1.26139632803561
1.01548833383319
-0.530540841809047
-0.117937891368705
0.0432796322276567
0.37341670766468
0.0911954391716207
0.232407908764441
0.333293213815694
1.20258282942133
-0.34749139529577
-1.06420120024152
-1.1982176873655
0.26651991148362
0.101520200917924
1.14654832124807
0.0843939423816105
0.687731877281349
-0.737611045966467
-0.928071874432265
-0.55406538983084
-0.523950102423091
-1.07133234706127
-0.326564129286183
1.22623426389152
0.0400255650739362
0.396399756956199
0.198244655867833
-0.655137113722995
-0.152914567546072
-0.315950930416612
0.060317816549518
-1.3451447627748
0.399049020277371
1.37698381196332
-0.809504872659107
-0.024173827178461
-0.138326839754969
-1.27718570336451
0.0973758599612135
0.317481656019491
0.0766782015966471
1.15995225388006
-1.28046022608156
1.0677865906878
0.0148589957075065
-1.70811556562876
-0.606001612430339
0.666767261814241
-0.233670749401647
1.78460211612223
0.487224378065731
-0.98853466114237
0.45108090309241
2.54355223431348
-0.155109409644999
-0.493983033786024
1.92066143538491
0.17154271555915
-0.414992688659796
0.281198898495863
0.304199360205807
-0.714939467498454
1.4411288772482
0.745936983339992
-0.483875600758484
1.74250300088765
0.0675329089476941
-1.49516237496569
0.100974880890739
0.0447966473982247
1.8009726485674
0.616488825336608
1.35077330846593
0.226125991444761
0.856708996850395
-0.584941165053359
0.382724296343189
-0.894288887975945
2.99789983777234
1.66366638325646
1.40486149060181
0.327296266082056
-0.811906335043789
-0.506339381845258
-1.04831481873054
0.171228295311208
-0.170917072675925
0.421653892430892
-0.459843474267088
-0.436880133916114
1.93372918397254
0.00519815739340648
-1.25137280807952
-0.446924948452722
-0.332898581247633
0.464762487178113
-1.1058311485761
0.618557914696734
0.321367120684582
-0.28973636981901
-0.336850944343013
-0.649303158665704
-0.237221501613625
1.23164449652923
0.446764253841537
1.33112906721638
-1.66422589383996
-1.38208080216655
0.944206868564247
-0.789383219791844
1.04336305165289
0.512696260122916
0.591846286091048
1.34992144986593
0.442432425553369
0.896074473059756
-0.998079570306388
-1.36493706831232
-0.739937741449931
0.498094593007736
2.26810318921225
-1.31427435530605
-1.819863725194
0.887737371682509
0.35470892676452
-0.474440564504844
-0.564901346290957
0.375834369589849
0.985457908891521
0.0128608020072403
0.567044004467895
0.559849457581521
-3.32957923729959
-0.619260035767508
0.157115589611132
0.344441951329489
1.10324815861038
-0.604264399211793
-0.326236358967017
-1.41927578332713
0.970783739641775
-0.108302298953353
-0.574735243506563
-0.0498258290180838
-1.85259302168119
-0.437405550557907
0.629770742047697
-0.181387993049581
0.365293220543757
-1.39556588163539
-0.107288303520842
0.441614826872164
1.6595949110125
-0.290846894201894
2.82455318080489
-0.468446652383836
1.14027806732409
0.727518480447815
-1.36014989103758
-0.252445693952043
-0.148259434030354
-0.978544309323476
-0.91103687450317
-0.883268298339526
-0.791379556183674
-0.495651751293882
1.10314095216177
1.29829747438025
-1.74647538174245
0.929627452576453
-0.852759388732353
-0.744162134735384
-0.950893861674651
-0.306750392245895
0.737828188098711
-0.862691047353083
-1.79306811033529
-0.0227737353223534
-0.594152469453665
-0.627751478101144
-0.631333440256996
1.00096944102457
0.00842684129211568
1.63131835024618
0.577599809252086
0.63400094267588
-0.138369863462709
-0.106319771036835
1.86968711514486
0.784620887952273
-0.525062935029838
-0.737639407104433
-1.5117170222677
-1.22909659412762
1.6157018730759
1.70798477275521
-1.28471684637942
1.1895422400098
-0.825507117671455
-0.1353018682524
0.412611835003841
0.364303480904692
0.719575143317453
3.01820827145228
1.38678661507232
-0.707227133335881
-0.33508069071201
-2.61100601550136
0.888550251446027
0.758568773166775
0.519585510071927
0.758361437883428
1.27711894422272
0.847619645605323
-0.106021841563326
-1.39531488139185
0.0293609386808307
-0.980381679051139
-1.61015736979671
-0.273672046010306
0.590104946420973
0.506037879399576
2.20779585156477
1.62128635707169
-0.0435070210208892
-0.891869039099331
-0.845874368042321
0.600685752046944
0.151786448576493
0.73103476928385
-0.528945317196121
0.0561850816239135
0.0365159813517533
-0.185520035548179
0.154949279123845
-0.963281655082459
0.62157060626838
-1.17627763262724
-0.0143858787541364
-0.0306716345189651
0.182165301108229
-0.670154832726622
0.669256388941432
-1.565607999551
-0.715881832599233
0.185671513034954
-0.791126101758999
-0.415997532373444
-2.80312311022769
1.90580355871319
0.598371365862865
1.16666468188885
-0.270641808679175
1.40517649695404
0.135013330408254
-0.429161425404292
0.792012049070728
0.264868490645159
-0.0792117829546764
-0.310117678641295
0.0299754323985358
-0.0440955055591046
-1.31861526561057
0.120617685473892
0.377553367703072
-1.12465494493043
1.17209203451613
0.790634092113463
0.301888199337227
0.0959722251310269
1.11265310462539
-0.120254407573693
1.09052859359363
-1.33116196990167
0.131629463669419
0.713436740912509
-0.661746632229387
0.422838189631944
0.934186851197925
0.171063172290677
-1.29817173589751
0.603671249055979
-1.20445554450945
0.162852333333695
-0.674943514036121
-0.153708190275143
0.983202904623612
-1.52329432745851
1.89911307882468
-0.857962353715882
-0.824567533230445
0.637714528443447
-0.955403047571882
0.391861213053987
-0.531345755314561
-0.696382735908155
1.30796037280374
2.02382434621614
0.336922915138502
-0.401875229734655
-0.736975937001316
0.502315697960627
0.891486595047092
0.0574789866054034
0.813940924782281
-0.476412341189036
1.82650298671595
-1.1704490606449
-1.79496929490054
-0.356185720487843
-0.821020726207656
0.349732237491954
0.538317765817413
1.78394532942897
-0.177143953064015
0.78279048742266
-1.60019419776239
-1.29409780414212
0.1389159969921
-2.05147389351788
-0.351859572219562
-0.574548526018104
-0.302276050339862
1.155711054777
-0.12708081400966
-0.906197391295922
-0.665424631186877
2.26796902263589
-0.0491548333800405
0.399875271017228
-0.709215019886409
1.00066899323638
-1.09309235119332
-1.66667958858371
-0.80479104387036
-0.596610054149662
0.776637387323069
0.333305883928513
1.02418909015013
-0.354354194955993
-0.8526556559733
-0.83959220626821
-0.376430485559661
0.219379616228457
0.124584773391244
-0.634428999171149
-0.8226902381097
1.49844255263975
-0.054435999656537
0.669817283035409
-2.02122364302722
0.698879658843225
0.347989545900167
-0.501838361487162
0.613721508046807
1.80428877240816
0.244124731333335
0.644392005295797
2.92774217161313
-0.0231251314076361
-0.938078946076039
-1.30869773276019
-0.779737505544984
1.44783104359623
0.742365194502721
0.839628821790919
-1.40614310375572
0.61341511022321
-1.00482820811808
0.455195077602911
-1.01222222262231
-0.0191383371425117
0.617270255339664
0.12708019923627
2.25735515823446
1.99513819247916
0.571365378675136
-0.241768203285254
-0.221905789074127
1.12507437969849
-0.0959900372135074
-0.995808762551021
-1.01814433207277
-0.954918559793927
0.837832481366039
-1.55365331078277
1.33013726702527
0.750404468182227
0.659962127992057
1.04558640831883
-1.30223056031238
-0.607060116102031
0.132347268196514
-0.688448097592179
-0.521655353197983
-0.330368565286029
-0.00278667957219004
-1.00672604103206
1.63457398747336
-0.117645802809101
-0.380537686163137
-0.613972307051812
0.168944404042603
0.650900458144977
-1.72349824454399
-1.09130681826433
1.95862947840685
1.64322367781059
1.52919668989592
0.684242928141114
0.226054930991366
0.329084589208015
0.725221514378282
-2.01441052564261
0.427360298412844
-0.619595536847344
-0.453309385680079
-0.174863767004949
-0.128499273089953
0.843831333262032
-0.74204748103552
0.36315986745203
0.274977809687365
-0.297233920013699
1.6583899051795
-0.605546170819548
0.583736077482468
-0.19859774452526
0.027983681626923
-0.14399560130694
2.32933344952236
1.39496096146291
-1.46099441774922
-1.5043209462874
-1.24015255312336
0.244560829039875
0.664347921137383
-0.776947410621413
0.950862910156403
3.39414558453519
-0.572844673103703
-0.717061690566381
-0.88705879688474
0.314121783824512
-1.8070085907782
1.34317905972381
0.895135476509501
1.01341560202443
-0.0914982845817173
-0.00878816237530541
1.34885791100287
-0.118265934055344
-2.19086600323967
1.73205363101866
-0.368669947823257
0.400281448897625
-2.17850947553896
-0.894427742644065
0.510709216905312
1.30090921322894
-0.71004944160225
0.390931859008782
0.648037433957141
-0.656451993063405
0.349019538945252
0.569393168829299
-0.993313283587569
0.384205394249839
0.119364720340505
0.230082436017426
0.29904357322223
-0.425340272850495
-0.834402832060696
-0.064932709273576
0.414327003162049
0.971831755031982
-0.186206880136797
-0.31186554701172
0.99254763302029
-1.17689966531508
-0.958112224493253
1.56771696505969
-1.54972128248642
-1.51332201539744
-1.46653432906118
-0.854323771182588
-1.49749836382058
0.311258568967665
-1.17785634668747
-1.21566358171658
-0.0420039996255154
0.648353675921978
-0.529372380332754
1.58945611598621
-0.774048334259709
-0.481212199269709
0.564518131188824
0.274840225111796
1.77053056718738
0.760978150125762
0.359668013846437
0.534336674108813
-1.25777117835155
-0.393689509251518
1.47609531023519
0.594638519977365
0.473414675341545
0.00972548863025885
-0.991076024102916
1.22409244065963
0.854253061434899
0.300702680731796
0.26452416461709
-0.437963904542925
2.16167181480883
0.202005049158109
-0.0364661227085087
-2.19687907519457
0.84930725787715
0.500091600676295
1.49883349462209
-0.556717968656733
2.04769980525969
-0.725832697362769
-0.788392953791496
0.790008629999897
0.159945260400461
-0.0720500451563802
1.22163374741941
-0.274276255080514
-0.955582365741881
-0.069178221647705
0.800914340947533
0.762956497479629
1.47979006682165
-2.69638585766645
-0.506341474551532
-1.71841213634201
-0.401491840990162
-1.87953233868107
1.13611220599318
-1.22981176235864
-0.0524668129453946
-0.905216571139714
0.0746582990991272
-0.680078711741517
-0.89183910517786
-0.325623332667971
0.538100358071833
-0.917571765748104
0.714633100844355
-2.42532893264417
-0.682739617835169
0.964263946206059
-0.560584106942641
0.665933883408771
-0.489577719169449
-0.278692933489945
0.0967827136787192
1.21961637119755
-1.55755727349802
-0.227634041336175
0.546779779115707
0.663430243445441
0.0531728615067242
0.317539257777717
1.74909750034375
-1.18777271077223
-0.184086382350591
-0.624803079207197
1.64771566096219
-0.171944180664352
0.437314107956015
-1.2529986493002
0.613567044045434
-0.229038898923154
-0.0406528827681515
0.938345398671138
-1.13675051302635
-1.58707014456435
-0.229712264569935
1.41903222836775
0.00242474912150342
-0.894082105488484
-0.766782657966123
-1.4756675330229
0.982053190137094
-0.348342305349206
-0.775429743754304
-0.167723169149326
-0.849651674415132
2.35439983136967
0.102316620293702
0.547972035937423
-0.757823127935783
-0.391261539185364
1.33633773055088
-0.63429186423536
0.697319853034627
-0.354357003625614
0.789752483999519
-0.294004484198826
0.822467034147214
-0.934141610102394
0.689704922298419
-1.07408713599501
-0.226463220764031
0.445009511848578
-0.0570312614362664
-0.726768536571249
-0.0783855671455009
-0.737593626970637
-0.407932701450437
-0.11353974778702
-0.104120712035333
0.982833014730709
0.727702275724878
1.91846289192524
-0.496208763193148
-0.484335419125799
-0.124297463129973
1.36177698517386
-0.82964532343541
-0.120980356035267
-0.0463395353217281
0.734892047351608
-0.0341587743443035
-0.476599299540199
0.725183309725363
-0.734822062297332
-0.0159143903745179
-0.875971241159146
1.09254838549294
-1.08217017958137
2.10889455961078
0.273687022758
-0.288270329407578
-0.709808762857288
1.18997554259622
0.304580685633144
1.08290531473448
2.08065737802157
0.0800604394760147
0.404279872859901
1.22581976354247
-0.636170551100485
1.65116325962872
-0.296436664893592
0.41508267200494
-0.127372277907717
-0.474127809775282
-0.835458765137421
-0.710516734936698
-0.0921237837697847
-1.847680078828
0.403439899151139
-0.605376013915391
-0.680035102636353
-0.916802560286252
-0.820215076638517
0.983439827553863
2.01895381353531
2.4057628644735
-1.10318993352287
0.318565019714116
0.274164501947563
-0.524321540102031
0.407607025439762
-1.88287108168254
0.0420993311804369
0.831799778134776
0.279299594567324
-0.00482397235308747
0.103965577783982
-1.13030998481703
-1.31116666402761
-0.807296797153037
0.544123057822547
-1.35912756091581
-0.376316886375556
0.45486807387798
0.233686585034311
0.557636016394896
-0.732048745978767
1.17838738644077
0.483072826370084
0.736374180727876
-1.30617024066875
1.16213687552364
-1.28562767616604
-1.04549849080613
1.0523834070805
-0.700437927758203
-1.8147834149529
0.011755769746364
-1.04353452676119
2.23252673671824
-1.17368130622901
-2.24239971439365
-0.306770632944072
-1.09926182942998
-0.281609741945167
-1.4795768376137
0.232984587629261
1.05057051517174
1.34682218365751
-0.656768724790554
0.101858229586218
-1.65266685151369
1.72216842255445
1.00815107487211
-1.70037680277585
-1.1914657503144
-0.831501317699052
-0.544327949457366
2.15484391987638
1.02829368052907
1.21020023459131
-0.938346860207557
-0.571144197953221
-0.671974455461283
1.23464736852825
-0.169365061073785
0.1164545796147
-1.90559298208472
-0.499403260657
-1.04808769557332
-0.00316326383096184
-0.750952343247001
-0.257360973308582
0.799872904927938
-0.531101672221658
-0.330356080977239
-0.779925619082711
0.469003328654624
-1.06297540515428
1.46079718260457
-0.592071312156096
-0.519351841297623
0.322473412962117
0.121214992874338
1.20025319532809
0.716287827667753
-0.298912585450683
0.470991184007366
-2.15083307324178
1.25085873921151
-1.02374434618357
1.05380078820707
-2.09826601459354
0.828798023278126
1.40182791865545
-0.444198416358759
2.04481994096957
-0.112222131835728
-0.0303382333943425
-0.100693394025751
2.25208965904556
0.851784111286009
-0.246547902300602
-1.16169426352967
-0.246168717673244
1.05847311523864
-0.40947497574941
1.18715230736411
0.523074930957684
-0.975550546608218
1.08213111107989
-0.0181455725357973
-2.11471139145911
0.622265962192479
1.17940725033643
0.248057063514615
0.915100883434475
0.762964410613349
0.0426249122119915
0.561784869911569
1.12027208117326
1.0434772343522
-0.862817495609495
0.199223468714189
0.981704056022652
0.813673797602643
-0.980667762865623
0.15987159066006
0.352534367165267
-0.0214213631994075
1.48116631960507
0.138099801742393
0.544441875925521
-1.48537832098012
-0.110439744224042
1.25991176897599
0.191429686628556
-2.62824948157695
-0.486985580395365
1.30777587336867
-0.144081593708308
0.0842795618717133
2.26102744968142
-1.70397918060376
0.0402799275645055
0.282605381502491
-0.622163311188384
0.259253207392682
1.46328794442819
0.351099030362936
0.0019279906733209
1.56286681093628
0.706118799741761
0.650399445879656
-0.903127806894793
-0.77566855011386
0.571019847255936
-0.183701363522023
-1.16829699245998
-0.660705329591611
-0.0856309036778695
0.592164727529497
-0.184330115174747
-0.954026176000629
0.187095578387422
0.244615859469314
-0.0832265243818282
0.392038660542027
-0.431947480135957
1.68378263671526
-0.902026859272486
-0.0641567665273051
-0.48411527424021
0.501157321661783
-1.08717211618017
-1.28980325904524
1.46617894403946
-1.6294991028335
0.919678384384077
0.483307517961502
1.19609556790971
0.0946669413197265
0.479784329889207
2.3613646769882
-0.856213565985206
-1.98825571091145
-0.724734890657857
0.0331309525126549
-0.759984746766
-0.219853593260399
-0.962414670472873
0.457979876746772
1.43235419948976
-0.656386646950047
0.0514667499943664
0.636827842083334
-1.1407802088379
0.238035587954961
0.825019263764043
-3.15313542297873
-0.607896702002681
0.293339708324724
0.392082404556638
-0.175937973966752
0.726132260666603
-0.214038939142386
0.295119912380124
-1.23028359699064
-0.47686736480979
0.751891334919459
0.719064027426347
-0.986992392554109
0.00709172337567517
-0.173853266705526
0.355890534784053
-1.58190356216835
0.540471481014711
-0.211727786913306
-0.0998653741184027
-0.648761630299599
-0.0759989147696958
-0.464258026159841
-0.710062129592737
-0.125630114584954
-1.25462751321535
0.36148560027325
0.0693613192370597
2.02742941293641
-0.145416337304891
0.415550862987895
0.0493298053654603
0.18277365777043
-0.0719546660434019
-0.677249059674323
0.498765794391915
-1.97475705351659
0.658056663747024
-0.219002673197138
-0.550604346776218
-0.031942328730235
-0.0941254013821413
-0.189517407965705
-1.819170267388
-1.00156484685194
-0.0929717779727852
0.0103663655821504
0.275439337423899
2.44328867128811
0.501515934216968
0.231397910233154
-0.373740165228737
-0.540143438745203
-0.970479152799001
1.34496867500529
-0.620820701120283
0.54304794543392
0.567814010633059
0.741578489316573
1.25977854332283
-0.00396326886237698
-1.73155429264988
0.847049431676448
0.116351483539958
0.413113549956695
0.2784328076915
-1.41344783515032
-0.342768140336024
-1.30898448852127
0.382068925595096
0.280528161653424
-0.570399311926555
0.0546310001836347
0.385152582025322
0.80908118262223
-0.666021960569358
0.141635115370829
0.567223257489247
-1.07437316937871
1.41104260738544
0.563726563327885
0.408086670731251
0.570011038865851
0.575688520943865
-0.415077143663553
1.63256879013284
-1.02259396499112
0.168620883610005
-2.5597387440841
-0.961706860194995
-0.511288342267259
0.327402011974479
0.913889428249288
0.582080133951103
-0.794061189208478
-0.440072293192191
-0.983092006884813
0.117681333104429
0.137159287727555
0.563559223260982
-0.320882526374567
-0.962667696462619
-1.48923604322864
1.09757042202161
-1.27943428668969
0.126202318355701
1.37302732911511
0.306180250816054
0.0135655268368142
-0.520047162433313
-0.830375757450263
-1.39231976977362
0.0824429545439913
-0.401975158588664
-0.934723287551883
-0.398573053646214
0.847449243585245
1.2532601229146
-0.169647573670639
-0.308288605206157
-0.678683052596368
-0.652242591231064
0.467507338953064
0.000737120511218199
0.87302547957859
-1.30827874122355
1.03604667017505
2.80627617555221
1.67204766342336
0.115853024686625
-0.177296167805821
-0.285510115125651
0.904367028307779
-1.4703857768162
0.922082559015835
0.0262452721549725
-1.70668425687852
1.53337452371714
-0.796444579810715
0.645891267343356
-0.91011382754718
0.82797321426924
1.50732022457114
-1.19364879080421
0.338540939549087
-0.0664668379605641
0.698357699359246
-1.06477030282907
0.504790150140986
-0.284050370079236
0.722616750836296
0.54404705689978
0.480443352515942
0.168832207523304
-0.345690421885621
-1.09149980890037
-0.272541590866258
-0.211860829353102
-0.537223941061417
-0.260780684218334
0.367480283622639
1.69520170838891
1.16394475965722
-0.253377552847466
-0.611538194605445
-0.123783042279732
0.102941123863632
-0.917181018795885
0.0902140930135643
0.642111339688817
-1.9022706774564
0.885803970386822
-0.355091711929053
1.12942012106713
1.14112241096368
-0.220910384263026
-0.553184270214833
-1.05008644972179
-1.27821000747968
-0.551660728241375
-1.1917560582944
-0.226733756939616
0.425831462166643
1.07117151670369
1.00051332392065
0.604076577398295
-0.572061065603481
-1.58385487721693
0.241150151057132
0.0627291203537498
-0.387966755109328
1.32445274628235
0.38297715250194
0.0395405839445805
-2.555052457086
0.0500598525979705
0.869476934816111
-0.0491113718483389
1.25813077149404
0.344151836418384
2.00916381341497
1.756923251385
-0.219468228422718
0.572988208568501
0.179950082372309
0.40465001641195
1.9699908467752
-0.512736246866424
-0.683791053937676
0.637605051452766
0.39386304537001
-1.11156418785773
0.102414828459695
-0.673255891918803
1.04219640489116
-0.954579287980084
-1.35457801288401
-0.33001522787104
-0.945711030389176
-0.291867297059518
0.765803612128031
2.56298408288645
-1.14746551269589
0.660772017308007
1.14238881029127
-0.167193637145759
-0.0355469371112661
-0.291494588576931
0.813982729975705
-1.38159319872279
-0.435821146504059
0.0956150575489261
0.818063989936406
-1.9935019850653
0.77527174622766
-1.06177510576838
1.25131384607252
-0.861967918432642
-0.462976250202922
0.265680812631019
-0.263999736439029
0.753246364655371
-0.172975234656006
-0.544903875084155
-0.354353595270495
-1.43156089628582
0.190382483469594
-0.214447347548023
-0.233686443927296
-0.462109968025258
0.667436579043084
-1.57376860045013
0.621507430633927
-0.913404979783595
-0.450644211273189
-1.48429477556301
-0.376981771766184
1.6029438032644
-0.219717318176643
-0.330885791322166
-0.448112299618545
-0.464681652245076
-0.44801337444038
-0.341388736571266
0.0537453764764469
-0.399240309097055
-0.836517992414821
-0.442642092856375
0.529058845468923
-1.00060412943616
1.21592033933282
-0.142944718722181
0.897734808830398
1.96414375555078
-1.55756203268492
-1.01303754421739
-0.838574389275179
-0.454531907931559
0.313872982069616
0.228091589228151
0.437721938980569
0.488410543013757
-1.86202447944599
-1.42465346176298
1.37351046914828
0.147509195411468
-0.487671466160352
0.0812381292492184
-0.397467884623359
0.0996612176561916
0.199209992841237
-2.16304860274608
1.35175190637093
2.15365241186754
1.15955377014561
-1.64127954579101
-0.330750505074544
0.377779174321046
-0.330774607708687
0.612771238846356
-1.46423643335126
-1.92222263343863
1.45729695385945
1.02714136492108
0.109067052020701
-0.996563702752344
-0.435651341521695
0.304746008746725
1.04270473950798
-0.765877653447627
2.61864321071424
0.400827401173921
-1.42991507565811
-0.397503283406939
0.753802359621726
0.195720081626358
0.239465316030168
-1.50132636168885
0.440607882922737
-0.792315569129635
-1.41467300879169
-0.189185391172151
-1.31998624280093
0.126390615061046
-0.511509824218214
1.65195732641682
-0.642718725588966
-0.0606200787986782
-0.788875417191498
-0.443891973762185
-1.57929478260043
-2.91023564650556
0.915811539791064
-1.00581339651452
-1.26366500277113
-0.40318531949841
-1.49454077250375
1.37040230299856
-0.834497166776113
2.06983991256295
0.488698662581387
-1.26129315936404
0.172424360048654
0.664274233253586
1.68574963815704
1.99009429331077
-0.369208404632335
0.934159951929835
0.0222865750776943
0.00694970252452381
-1.32003585634117
0.000530659415152688
-0.912791647227329
0.683281157533337
2.8674568368093
-0.782543009435476
0.0453175784823915
-0.391174003622727
-0.436619416696575
0.285993242796463
0.822322278900694
2.00083561162735
-0.514655776219737
-0.000535129768222719
0.405746108030637
-0.123013213912525
0.112316114955534
-0.0446204943066994
-0.161110101120495
1.55263364810309
0.00687079989985186
2.37122321765716
1.23194788138984
-0.514168389526109
-0.518815632479674
1.62117179057451
0.473707034217435
0.759933666166633
-2.21256758843135
0.920738444077658
-0.849170403536868
-1.07827843952721
-1.56143656387964
0.0335490049650137
0.0435256283804294
0.816462113064619
0.300532746776886
3.14760321940216
1.09506462378976
-1.47145852784901
0.14515248626397
0.385691971288005
3.28662902073286
0.229588351236122
1.82727083368912
-0.374687119439548
0.361249698330204
0.532062868589833
0.438617787680122
-1.48552062430188
-0.122094901454844
1.73043561166926
-0.0702781065169984
0.3825740548196
1.65730554493359
-0.138466908926117
-1.43742716739257
0.84371918253456
0.998463854774516
1.04560818035051
0.143935409389314
-0.458755268113132
0.721645979385997
-0.904752668796813
-1.3682150517474
-0.58451245838793
2.12963617342433
0.323505576131181
-0.467015590698535
-0.588840939261497
1.444066084894
-0.780378409814138
0.158269570138664
-0.70222244636059
0.142570612476617
-0.219000438723677
0.459728346369996
-1.15602587941294
-0.458109684861774
1.13003341333881
0.252993850832072
-0.0433589947309108
0.579574163881806
0.438929855407112
-1.04179290605393
-1.24358510256779
-0.212442153202291
0.16568241556172
0.121525781799991
-0.515318051980738
1.60277746248139
-0.625512563980339
0.35153810003419
0.0400426653162253
1.73222906128487
0.207997743057663
0.512690523587201
-0.870460353417654
1.92048183002739
0.149730552769121
0.397661602465387
-1.72522105239176
-0.323584116131376
0.43207893189778
1.55522714888012
-0.766163573676926
1.38533532052968
0.769263010350253
1.42830148163078
0.307783273227875
0.0283901485770328
-0.266300460942052
-0.317298978451359
1.30960748652484
0.852703687388224
-1.21744468544447
-0.860509996577132
-0.364709959201184
0.0135251221314408
0.329487090161807
0.791679887784212
-1.2649506460232
1.90288663301303
-1.10017870371821
-0.722213608275499
2.54510368171191
-0.493075881041584
0.24253363159568
-0.256906460332505
0.75507998560481
1.4126218005462
-0.43742466282972
0.909364201141006
1.24597761977113
-0.877098268378929
0.501665162033922
0.197066332187462
-0.671825611184475
-0.872110506670341
-0.585964534448515
0.754529655771663
1.53031379030064
-1.27791033782308
-0.221760000183805
0.0637121243081395
1.55372503961895
-0.311356323878646
-1.75624874176282
-0.692055810533946
0.421183819669419
-0.0168108833068174
-0.0403221505246324
0.0219977231778291
-0.137626594941128
0.132342335273711
1.04728480089264
0.307194753589033
0.0935863339896123
-0.0665924633707493
-0.0427208701886617
2.23271644383014
0.711178266436194
-1.84953834639752
-0.535952763382508
1.22157459805394
-1.14858890478359
-2.6241167002226
-3.07281683175589
-0.888347776319726
-1.79587809039063
0.416712319080184
-1.2162559387348
-0.858599795001877
1.39789271385665
-1.60049326208743
0.393332821800909
-0.441043698852319
1.93263552968176
-0.443415801910204
-0.709355993189414
1.78696852721727
0.6062182780982
0.865255305974371
0.237243136597119
-0.383822126981187
1.45202482392383
0.927277504290377
-0.079486729542921
0.319044298810577
-0.331879855620446
-0.12618861969918
1.25450207978999
2.05452396581336
-0.564941466430729
-1.86769696576597
-0.311646415766619
0.57740279481189
0.817603650214673
0.382011365038823
0.738520610525012
0.467877184898541
1.20286946169995
-0.474191943440954
1.65383732952323
0.490611448432215
-0.317948505855042
-0.0876250823792361
0.402864555537918
-0.928544114033842
0.133470849543261
1.51239700190034
-0.431149173571899
-0.924077765082878
-2.61066788587424
-0.282313526370312
-1.22253385546224
0.888072415359332
0.602404874264704
0.0881287302502594
-0.938535102534794
0.291031452314357
-1.4463961694231
0.0416884010855429
-0.455819519800568
1.65839034293307
-0.387225077674648
-1.05319415518517
-1.61308955507516
-0.593930225229616
0.0609273127560956
0.160512373653155
-0.68133397819807
-0.523855051682821
-0.530772772816162
1.2813194918976
0.767789209819957
0.562482052269065
-0.606291089793049
1.96767858002644
1.4422254608108
0.490580420031048
0.444891129163959
-1.78321004799899
0.0964066781071806
-0.469491529726961
-0.34420630270962
2.31396739045278
-1.96628312208133
2.79748724938389
1.04018623368947
0.437398361723758
-0.597014622995713
0.166895583176417
-0.708318337916147
-0.217529427459155
-0.121479669071706
-0.828662267071586
0.1070169133527
0.165152809960115
-0.0540018676608706
-0.745104272574733
0.283318613148004
-0.422800798252257
-0.12347691883024
-0.0970052320511131
0.0168778521224657
-1.07741757757416
-1.01039858371393
0.693873021925083
0.744171408578731
-1.46519225977319
0.0189476265528101
-0.640332344963879
0.0639721096164816
0.4198969966014
0.553950164779748
0.913830344908016
0.467252263533054
-0.664120790164954
-1.21229278791649
-1.09858946694257
2.35272418819005
2.75465076610809
1.16501075995634
0.879169869014798
0.87305150774857
1.45941322685674
1.01248335917167
1.82830497693009
1.12141301430325
-2.07373697014115
-0.11085899953645
-1.3693881825374
-1.07439590647616
1.08690293372754
-0.735186563702212
0.385683635007296
0.221550433402915
0.125194662326383
0.518672660066963
-0.496512354817246
0.078064783061877
1.82142295642975
2.65214623985505
0.473249077807855
-1.3985223883399
1.11529367810267
-2.06298316187069
-1.81034301035556
-0.479957163521678
1.14814689014966
-0.481616788350646
-1.31919582513804
0.562336131315445
-0.642636478162098
-0.0807684891746077
2.0939631403194
-0.0498791630815378
1.02701768356326
-0.318875531820738
1.33962012986625
-1.8392163962519
-0.405295463459514
-1.55853780205498
-0.195175049736457
0.73281602452224
-2.31111779454468
1.1379183706605
1.13698053686296
-0.218873195698839
0.0386350131729027
0.864749009508445
-0.760435203008355
0.639382634634681
1.27507104845688
0.572441334054136
-0.748602364147497
-0.586704267991042
0.156126244374131
0.207731523333945
0.684302753735922
-0.147724104234718
-1.66997777938733
2.04847309707151
1.58850239611154
0.689157675786879
-1.44080240958635
-1.74467360895694
-1.69838516895965
0.5814413485675
-0.732993814197987
-0.0688755738905946
1.93379877370343
-0.564444074810045
0.169315161788183
-0.43474273827324
-0.731054429414314
-1.81243607396984
0.864133775711473
-0.576986339832777
0.00574441689938701
0.0447407090884951
-1.46314279291924
0.722586155632199
0.833901006732203
-0.384623364524874
-1.14544088533421
2.25768862433815
-1.67784498809437
-0.035940345995722
0.468188709399092
-1.90187643376551
-0.742685397624311
1.06502275609186
-0.687997148175938
-0.586537785262897
0.437595930689047
0.94803956741859
-0.0086216783774306
0.481586607524566
1.21898434188128
-0.34970013141361
-0.237247202413708
-0.525136665512388
-2.31444568251818
-0.6494479324085
-0.243231538361161
-0.862138733374908
1.5020069476835
-0.0912435248459452
0.963442172935251
0.840565229060451
0.0883971573077095
-0.863806722841355
0.0327521564288681
-1.7014233014158
0.986021418303399
-0.676147461568719
-0.696510146476844
-0.474606618888829
-0.623255279813524
-0.707677078051652
0.375063677596319
-1.34720984139357
-1.44153538934785
-1.50232431988028
2.56384194354633
1.1810092088519
0.43438203460955
0.481652387050867
-0.65976281160424
-1.36018046926407
-0.42414163122692
0.609467684029295
0.319073178686109
-2.46053766007195
-0.456611207657639
-0.600857202108777
0.345382689059272
0.668499426623021
-0.600096486225597
0.649737551376043
-0.137070273584147
1.20539121774098
0.248649883296979
-1.49268917713256
1.02036708185926
-0.446448520713188
-0.669425934285128
0.319032263066243
1.00321594474059
1.22833921806183
-0.553387494433505
-0.25175639125343
1.56383131796779
2.30013345523993
-0.476793247915107
-0.202654263282874
-0.564313084269269
-0.772667184499587
-0.495319163266349
1.90615082180726
1.00522641254621
-0.458287662322137
0.74244092621012
-2.15476244285929
0.33171003404411
0.560261087780691
0.942468519498917
0.159127346573119
-0.292988621637671
-1.69382305662611
0.800757575323484
-1.78663261216174
-1.50823493440725
-0.376791435340603
1.79357324778334
-0.260007626995278
0.91518679176324
0.591670308989055
-0.705241891363219
-0.129519830601881
-0.530077114557803
2.097121054823
-0.781428775362843
0.0478875761051226
-2.3947377618796
2.27691285862007
0.540605805318181
0.794734392724744
0.994917318198241
0.146823769865223
0.835877540619636
-0.0532991118116758
0.752790972771849
1.02443530419235
-0.620752734095859
-1.70579464104053
0.41721946578343
0.490589137762829
0.491119275837525
0.408901229832818
-0.703708470682158
-0.666490119974654
0.201952010538931
-0.560126491062775
-0.0398810728785649
1.33041136424895
-1.57474570426339
-0.336311202718766
-1.14481128229036
0.174716136381348
-0.64153250911783
-0.91589819530122
-0.959420311640104
0.834120482800405
-1.28639203792184
-2.09082401130353
1.31537246844193
0.492739299667731
-0.198495328511366
1.31904554902571
0.502150685918844
-0.621816990896212
-1.13324574264855
-0.19318102442967
0.663735077853282
0.106825708787865
2.47144045972554
1.39564319206595
-0.325067991088408
1.77056873685588
1.91840256786134
0.935352660929137
-0.505101497657476
-0.255416730949934
-2.08287137217406
-1.73851897426835
0.231289714760232
0.900053911736864
-1.63824693316565
0.694533366678587
1.44205791069399
0.318366085908403
1.58927109041681
0.206471294104948
-0.384901933079951
0.667532268828721
-0.366875041900532
0.796461135849236
-3.08313335484553
-0.755006846357212
-0.118702472039319
-1.29771621290439
0.514435703692733
0.882270156044252
-0.52367377248386
1.00040557506998
0.566427162911122
1.01117081598312
-0.0960194024402563
0.194634247630116
-1.9396931127333
0.501361500786306
-0.622829271884031
-0.382449565331147
-0.480716644225276
-1.43304177533695
0.0174703581153791
-0.387769241042136
-0.456587271751694
-0.796176353906326
-0.7615059478553
0.670295865374078
0.048470524389814
0.00243985179991708
-0.754494514951436
-0.706880019052462
0.31886544016888
-1.46583138042657
0.672843238542762
0.369485596639551
0.150706407167104
0.672418716027838
0.637431497796186
1.04060496336276
0.0183727724572603
0.00713566579129715
-0.310720454160659
-1.84570651017558
-0.0736400584495952
-1.29394107647593
0.599164245835127
-0.102415686072193
0.089221303851408
0.385770672375383
-1.86302312386853
-0.0782462403397004
-0.98187517635726
1.22500592834343
-0.0398085897358144
-0.423016599483134
0.382893681211761
-1.39735232512645
0.455959565557555
0.616250814316296
-0.196017590613364
-0.65512008513245
-1.30518091675522
0.832593936153282
-0.0482722807150923
-0.950317206587733
-1.69545459731383
-0.415527823460842
-1.00872989521675
0.212297500455862
-1.11965667548034
-0.592722746610717
-2.01487303222276
-0.125957754618226
-0.848515319112395
-0.351471832221503
0.235496275977061
-1.93977368955155
1.484336599145
0.372278818821003
-1.26640314101088
2.11064290100196
-1.04430989861224
-2.41139735582133
-1.12076308001013
-0.700266157842162
-0.34106420883689
-0.256041827707699
0.531090327274651
-0.993909176347685
-0.683580940926185
-2.0913969866698
-2.60382328301984
1.53785080484279
0.41534338151552
-0.88525923572561
-0.355026202154182
1.62078703210306
0.422048886764154
0.883793076908409
0.810505955021314
-1.79664470959148
-0.947635553432239
-0.139967465333925
1.35521738734577
-0.537787492714821
-1.60062243391732
-0.0600128280041846
1.18716432948421
-0.762480676803711
-0.858253509148256
1.35220639424243
1.11054850467564
0.554225781871351
1.12912285272392
0.552940437810212
1.97682271887145
1.18175664669
-1.35990251025643
0.634229826557426
-0.023818315284367
-0.263615703462777
0.477849496979889
-1.37607815440529
1.07276415057028
1.38364945073864
0.693800944018588
0.600745953107799
-0.453748595135779
-1.14475928756852
0.651973105797011
0.552489416411519
-0.0420832603556605
-0.636368914855094
0.51830134671022
1.333448362202
-0.366551839462296
1.01433222339752
-1.04566954158936
-0.0736487188364597
0.0734055650508151
-1.28905601952532
0.0653746698589315
-1.58441984750949
-2.06498442298873
-0.199732131494618
-0.676472373681952
0.0110804954572335
0.0313585114596835
0.366644570487043
-1.1499658591627
-1.06392271125944
