-1.95967636544984
0.856370938917402
0.738350854027033
0.163609342331458
0.272294270662875
-0.808017705255976
1.33156271114534
-0.35621397002396
-0.232480408427714
1.99623653795879
-0.594820254927057
-0.73080982010459
-0.0416213897007058
-1.45718464343241
-0.00848501808715611
0.240059043356141
0.0534922045990182
0.196161642645189
1.33711276997372
-1.14176292480624
-0.057709258658771
0.112504867927186
-0.42339712056599
-0.798287293710271
1.1977533337966
-0.209827098746226
0.150498363836597
-0.763972448803445
0.740507089868012
-0.836194127598616
-0.589274204379738
1.11748569129334
0.640393801539638
-0.771477195791978
-1.15921644363092
-0.632567216841924
0.738210929595649
-0.911585210728954
-0.486676285511775
2.36668352691623
-0.668842039781832
0.231870476349298
-0.0316637095049228
-1.22511576212617
-1.823496505176
0.00510259590659518
0.574218190626221
0.827851343909673
0.121162091091214
2.04266187785105
0.886295933848749
-1.44889838035232
0.343059522378609
0.797151195537283
-0.103017655431839
-2.32568316216295
-0.0388048625326549
-0.0876872841325553
-0.46463501179852
0.677627098107493
-0.0143717990754908
0.942242499300767
-0.442615407483404
-0.516997817760571
-2.29771157100239
0.0232300379768269
1.1287353097095
0.464374502479452
-0.204796879567575
-0.759201718469575
0.784740754698354
0.123388291463157
0.902012773871551
-0.146122241407948
-0.591334891226707
1.03298181228382
0.428614080307186
-1.08134041069028
0.552944454667997
-0.785211002001292
1.05623744711349
1.17992301118166
-0.945418409254881
-0.650153972748785
0.918966325421285
-0.57269293453989
-0.425231760388522
-1.7556238205948
-0.693559362210122
-0.988081422923302
-0.060003469002999
0.140725271685484
-0.78789777670922
-0.213618852329827
0.33703404048032
-0.7766655721226
0.460425479200136
-0.959432685134597
1.0044015138211
-0.0450559042191652
-0.572584535438669
-1.49879904526475
-0.581000917338664
0.392472784050942
-2.33612845598079
0.223563828771908
-1.36034609881645
-1.42560063205872
-0.268104300871144
-0.738298219038709
-0.186408297758292
-0.968581024412855
2.15389551050581
0.734933392369949
-0.762743483636586
0.838760293308525
0.292857995028867
0.535366172621322
-0.0224139648702194
1.28675975869359
-0.209269061395289
-0.273315840465449
0.863928500810552
1.26569367198148
-1.07939205682629
1.85741244514739
0.285626577055192
2.94160368670054
-0.252479633860702
-1.58006401553996
1.23161309950618
-1.23154114165987
-0.451366698183979
0.0834190658143147
1.21718621235243
0.0139025299292215
1.60064383839844
-0.164115665682961
0.191053943345156
0.508057789010255
0.459717754489414
-1.16985851444598
-1.28111218863805
-0.117512680344252
-0.573217158726961
-0.789291745098314
-0.806958540226115
0.368248016463945
-1.66668796225141
0.50377018478606
0.0961592039023286
-1.3391797624256
-0.19578297143826
-0.127159817429616
-1.90633038702179
-0.871703076343149
0.466559231762302
-0.346248989371274
-0.724803278685827
0.813424763231636
0.570823391916846
-0.892573326647362
1.10068972990316
1.6562461318424
0.305702098306568
-1.03237602208572
1.2246891312484
0.345372849165619
1.48232597654102
0.366043647111444
-0.60786119127268
0.248720720629782
-1.2482516283296
-0.615476332533799
-0.827628237539859
1.02231851429659
-1.21675489629161
1.58564145001035
-0.989629192910201
0.852250955258447
0.473425219725612
0.674183546980355
0.223378676537735
-0.371597893549132
1.1360873419669
2.21508929372711
1.5397367272381
0.448130356666505
1.45791805960628
-0.459860293242036
0.678195151362586
1.2695228459424
-2.20212730658827
0.494942676424007
0.801011517395274
-0.0826616802669219
-0.453603864156075
-0.911998720942162
2.51398191843045
-0.652844857795873
0.899031878202442
0.469860946550836
0.93796506851336
0.686565860001585
1.00285545886996
1.78591970588633
0.131519568436676
-0.0669357245711811
1.31640331477642
-2.03841271640728
-1.12727049452165
-2.93511274902273
-1.01436062955479
1.03051296248166
-1.86918849908101
-0.941869945379524
-0.168478692470646
1.07483795501833
-0.60827381863424
-0.3576548510773
1.25392856523895
-1.70775975564141
0.417550601093307
1.0157823682342
-1.57415491761316
0.214261948843354
0.212498170704648
0.455390494357207
-0.289327327015433
-2.31446569833437
-0.442343972875765
0.575809945584025
1.03562556704314
-0.460146787428718
-0.984294760219494
0.640701566559192
-1.73760731590809
-0.461249276917922
0.440297933962105
0.490943477639517
0.644442074715755
0.0156691824516799
0.811727539505899
2.36783885925848
0.170652828272742
0.366023945414683
-0.707179197921936
0.136710437271222
0.0398226390622868
-0.770503562147979
-0.0314540945214022
2.44044409702844
0.524411388944287
0.350167744117535
0.224267301865379
0.393134810913686
-0.890679642157354
0.558316863112959
-1.31075820888296
-0.815262539961974
-0.572322974141244
1.76019816105927
-0.370608657544881
0.636559865447932
0.0233816307623758
-0.957578629275986
0.0244470946815071
0.483222886936331
0.0311912451358494
-0.368000127915037
-1.13812940997616
-0.686849411599114
-0.800560088407707
0.696898036050495
0.336861567140913
0.91644108801123
-0.638835018675297
1.29617900354037
-0.333152797099787
1.47457268464446
0.597636712105214
0.976635340745421
-1.41272892094608
-1.02502430512995
0.668629153290327
-0.931130298789763
0.207828750309085
-1.76994180104394
1.11539689968301
-1.00856592299707
0.722315108928917
0.390954756733553
0.84906975741868
0.246483271983782
-0.410363491687615
-0.693475258170859
-0.11459448017922
-0.551507454745569
1.31418479535379
-0.538243164849939
1.67370962675973
-0.23463312999713
0.217549346739242
-0.605590271537298
-0.109494817807907
-0.980857978467817
0.659584595022697
1.2513660656098
-1.31091130275953
0.244121772008241
-0.746990052136561
-0.682292521799061
1.74120515337679
-0.0727558135643904
-0.765164200236449
-0.724679167849615
0.207495740511558
-2.30726354519993
0.0341697698487507
0.936073030490175
0.802155083956206
0.450805933897323
0.597495791192673
1.41531323220457
-0.112884466072595
2.05075513138849
-0.342951598488357
-0.330380444041203
-0.256990624167678
0.58617555170638
0.668178290530219
-1.85290768423855
-0.743364586303436
1.43579673849602
0.690413863346665
1.15908828067764
-1.61512879218524
-0.534202954169625
1.25967908347632
0.447308708512975
0.495182625749145
0.47179172882192
0.385548978971705
1.27436324979533
0.885733817490965
-0.631558279012414
2.4501241751424
-0.420010642419618
-1.02968574744409
0.0997351112103284
1.60209690755551
1.41848305461467
-0.448131618339128
-0.212425127176614
0.163481936205545
-1.05294332794649
1.36586729853193
0.0640942523126863
-0.0518324485506993
-0.0231595133668947
0.355830634708431
-1.12412156716022
-0.345362395633095
-0.931276787790287
-0.721671418210748
0.597384306273656
-0.868378987762426
-1.80342088436946
-0.874418875980447
-1.69574747723001
-0.510150010243917
1.36205659867306
1.28571732430885
0.337503455015092
0.0864460650996987
-1.0469963533664
-0.512236101875229
-0.807500698857496
0.340172246374591
0.80386423096393
-1.58734351389406
-0.243398855661851
-1.42425742063096
0.10360122885451
-0.918173923915538
0.855623641989763
-0.717920411110698
-0.135333793763484
0.657042954243932
2.96193537735256
0.0972655726613496
1.74121677931738
0.105270430103693
-1.13786805383889
0.831356208775313
-0.659829229571109
-0.46279981797068
0.890861758337767
0.644275719607478
-0.194404935541305
1.68462122874725
1.73254342215472
1.50622631356381
-1.86260427615842
0.107559367381131
-0.996552340903204
0.713777585907235
0.0490238342983921
-1.66838825051452
1.26166876281373
-0.425291580894512
-1.42066048358927
-0.880032750534325
-1.44537366817434
-0.359016404480444
1.78619882128204
-0.765800447851877
0.463788864781235
1.01235480303481
1.42606076980344
0.838389125866477
-0.375512716428228
-1.92015141013116
-0.464284409673033
-0.253185785093243
-1.15549520379099
-0.441165050956326
0.343466069243084
0.0743011572844701
-1.04484090798889
0.578850747506057
0.920980470705141
-0.962785461446286
-0.140961558602771
0.581083409832457
-1.75491941868265
0.651626442609816
-1.75456173091411
1.15742968836111
-0.327275340974743
0.522391586791229
-1.29961333613
0.101585680886256
0.543369752013638
0.669081807069929
-0.0702147983308194
1.30711039959106
-0.517704179843818
-0.944557528882894
-1.8393335839949
0.712557622260157
-0.594784735927755
1.05131414038912
0.475245026583014
-0.468538017403692
0.231724138071996
1.7769991889233
-1.08669512192547
-0.861688934021109
-0.601893634666991
-1.06913347822446
0.0814596219244725
0.0685113291489084
0.836437105946752
0.523628946728603
-0.360921475448359
1.70962126124802
-0.54065720172963
-0.0492767617713188
1.33115289872777
1.35254503863185
0.874976215620801
-0.639306620812362
0.125993571126983
-1.77643769761177
-0.316439862800932
-1.07853052565077
-2.03923717187801
-0.942331974654479
0.809330714345052
-0.4515852683323
0.275382838930949
-0.00753948253188781
-1.05329418331275
-0.870687485162155
0.405821211764924
-0.263817419736805
-0.633374488394155
0.21327383185862
1.08547513239206
0.628097244644179
1.88543259254262
-0.627020274523297
1.00539916766776
0.829115659050075
-0.803037484980474
0.706415162926799
2.00714407044764
0.792906191380924
0.575256386990948
-0.906580064177357
-1.1710510703671
0.371198842654855
-0.547000798047128
-1.98115745107113
2.69983545969093
-0.768113660117021
-0.201929993824979
1.3384774118967
0.968217591724247
2.47942572234521
-0.143601662968393
-0.610485898077863
-0.189699533559357
-0.239119963641961
0.139405052079423
0.117745464218637
-0.154296914272261
-1.0748198822512
1.26900555343092
-0.355635707752879
1.15206720495356
1.32764711220309
-1.53688071964302
0.524901060177845
-0.0836027771795217
1.16051260764784
0.79250619280053
-0.793627541744452
0.654227163435375
-0.400572049793187
-0.393113778175425
1.53289867185458
1.02545360548573
1.2002496988362
1.17687079171431
0.119704986949629
0.00521312036811594
0.877705535227041
-0.101148914795528
-1.39211270543614
0.682965362840897
0.293541845630478
-1.04375645458383
-0.679008732443728
-1.29598731386324
0.0139353646006279
-0.704393084365262
0.324423282660907
0.299204884703869
-0.367825896505051
0.239728294412825
0.647511322531927
-1.34741540917707
1.00753073807065
-0.0877611129749144
-1.14958473705412
-0.0485049401247399
-1.19393213864343
0.591500432480611
1.57813510529722
-0.839439069385635
-0.272047915693813
1.35758671111159
0.435328582875211
-0.114233870585994
-0.56612636173235
0.661288748167271
-0.553599979413099
0.664491744574268
-0.80989814119122
0.943176972905563
0.946868332600166
-0.241993033899336
0.00501507452108413
-0.666734669141327
-1.30503347711631
-1.05179131451934
0.430083066584138
-0.494477586505282
0.473269029879684
0.997866345633238
-0.428427557547596
-0.520394902079786
0.000427946296196587
-1.56388895141099
1.44090045148239
-2.00250629654656
-0.0932041500536733
0.329279219257282
-0.438447618787221
-0.233148519804826
0.186464554858661
-0.00648621195102002
0.0165467565263375
-0.459646339978033
0.683255362848867
-1.42595102038758
-0.352242879883508
-0.427752108508198
0.262625472524905
-0.369201376711149
1.42288861555012
0.320588773945471
-0.926714990969842
2.24174067947045
0.679262532611278
-1.26621199037561
-0.835889880307972
-1.21594397932361
-2.17925908754963
-1.46613287811955
-2.31734716029998
-1.36864413835194
-1.17843756476735
-0.631451691019442
-0.685707619506306
-1.07813764538338
1.08585625014617
0.0731326475546712
2.52248105523778
-0.246430367431105
1.02858018921157
-0.720688805663428
1.44576623067182
-0.132810313848988
-1.15022960200264
-0.788623140766041
1.090399204169
-0.349167876011327
-1.36372121721192
0.0331882027259681
1.70128376973308
-0.96339449010231
-0.393052321767156
-0.526477518339683
-0.0494409287184195
0.483987057828421
-1.24584053473354
2.80117463348463
-1.23390669361918
-0.290576725347396
0.0395595749224498
-0.240425195349645
1.69800766816135
0.991795130133359
-0.24923397152999
-0.166411653202298
-0.711272385646775
-1.45266652158402
1.05510873810152
0.308297295797728
-1.99884046082208
1.94702779023679
-1.45193628155982
-0.749105426356236
-0.870458062490972
0.598449705454427
0.0149303250634174
1.14070515771022
-0.233039088295483
-0.0783204612243238
0.887552359075542
1.36893773868335
-0.82835642774684
2.0120225056654
0.893831577467956
1.11443351006571
-0.490421371050976
-0.467750016795458
1.01762498268412
-0.0615110280578621
0.231854873058614
-0.212746123293018
0.395240194071677
-0.853949477624426
0.757479355252626
-1.10078525296667
-1.12572800803655
-0.682806925880094
1.33365689410351
0.0921225979333547
-0.493196317004254
-0.487190544530765
1.5837485129822
0.791664890229928
-1.1816308250378
0.435082724559183
-1.85121560167447
-1.43938691519169
-2.08747095070666
1.49261870758624
0.0706376389583506
-1.23109584000236
-1.92433076345376
0.133279857112801
-1.29521118532821
1.36347720523047
0.362727191474235
1.77434741779809
-1.74909016268213
0.110427912039159
0.189232973632243
0.352589661344473
0.983801692201499
-1.29075596630287
1.57400181206747
1.20646533420995
-0.124942294143423
2.51724245266303
0.680778044017911
-0.0205171737262135
0.112002468897547
-0.896016961687125
0.216046114788774
-1.45933254493756
-2.28089624592122
-1.96768950958506
-0.650231121902162
0.725658733248536
0.366870408006847
-0.448743874677479
-1.10032562221958
-0.256796354255671
-0.442416096883739
1.19390490733677
0.0401613409037332
-0.310229687388925
0.0717219691559053
0.611284820232766
1.02225131892842
-1.0816343644169
1.09327376860801
0.917609564623408
-1.66783569470892
1.01895716118557
0.81162012891659
-0.051236270602012
-0.598458042308635
-1.734720938474
0.891467435700729
1.35177632935364
-0.719962831350285
-1.5485244717349
-0.511401395032247
-0.0268071507475066
-0.10883693187559
-0.123350938105817
0.618407175042258
1.1334673333781
-0.419957594021953
-0.786839260074095
0.521188293366816
2.42780216443556
0.353437206603523
0.392198313263776
0.638460122740772
0.346627404684871
0.273293640079429
0.493730236942922
-1.32328571675221
1.79455663113918
0.740011476107998
-2.15213637229427
-1.97953757254877
0.872407137287038
1.96484635417006
0.934608955496161
0.722534505397865
1.19146761491328
0.733291889704201
-0.0809665985771099
-0.917742074943507
0.471198922458315
-0.315204623696705
0.64097344763885
1.96545295789198
-0.55523279780451
0.155127998809163
-0.124859960712208
-0.652172745980525
-0.466892597583274
0.0991435842427253
0.937721150185376
0.015276772175953
0.208619566168755
0.199138961454721
-0.850414619664922
0.692458597589113
0.467636094632419
2.12982093978704
0.1358364073166
-0.452536501753446
-0.598881304995108
-0.114481704709816
-1.24426861974117
1.12684704794469
-1.49315052256302
-1.14773419043993
2.37801616491568
0.211452262995586
-0.982039354447873
0.124145874451499
1.52097511243465
-1.81108260325715
0.860928652119587
-1.6523679650924
0.128848175953846
-0.621002392149229
-0.973322401907412
-0.135366817872121
1.83172395990089
-1.93726474455227
1.85566161197631
0.729793746469433
-0.214180336633104
0.715741497973993
0.182961145186344
-0.00454937890301859
-0.274857609507909
0.394067239986376
-0.197524616725574
0.505376190850956
0.118727772782666
-0.110833237416635
-0.456607450093353
-0.91143946387028
0.703247082970598
0.128147220927507
-2.16603444204753
-0.420438370110383
-0.52527783101509
-0.74627889958121
0.483227707671022
-0.548955656147488
-0.326806171554999
0.644597263432045
1.8478490493771
0.0240139185331565
-0.0647314510443852
-1.07704471264398
0.149816415805538
-0.944311412894379
-1.1890432391608
2.12685467024672
0.109093226441575
-0.178337690801279
-0.441263016832348
-0.232600271936933
-1.57232120999761
-1.17719434735976
0.214052275475412
-0.231142081886738
-0.467358572758783
0.796593073665327
-1.18738844641154
0.415053078350747
0.102585626090853
2.02189869024918
-1.46911851889025
0.022615245229336
1.63731011551182
0.0339189237048283
-0.312825055049782
1.46098713671605
-1.15385740463086
-0.18460891107035
-0.791673655421057
0.313119965135525
-0.175030435003268
1.28283128857865
-0.123365838104725
-0.0829288325190541
-0.513671747325397
-2.90068268919591
0.197252396277022
-0.870031967138414
0.764608329454524
-2.34140407553142
-0.52149189606715
-0.165353714790344
0.448515912091312
-0.420587277719757
-0.265811228109512
-1.44196786990037
1.60973041085443
0.971993332235208
0.152594630173277
-1.19006093557484
0.352527841300436
-0.636943052252702
-0.541967311417269
-0.0443090215956055
-0.0304720084116031
0.503245785835339
-0.457031154946011
1.45735594297559
-0.813371596864467
-0.354662718125294
0.484710947535745
-0.0443425135586479
-0.151226665797806
-0.590142825684845
1.03573278721472
0.685028379754669
0.972823385725136
0.1349032742167
0.149452647961938
0.0605240865030808
-0.790034358761859
-0.72265034203164
1.44389014701396
0.316755802232811
0.274064574215697
-0.916732924457555
-0.491739695820707
2.0424164429583
-0.154717476384475
0.104548920867407
-1.93869514567934
0.101523239917544
-0.242029193271476
-1.00987331453714
-0.369179732400468
0.020561518202618
-0.281633242389389
0.030792638769534
0.507925124466134
0.351680327580631
-0.914073110861035
-0.35908744794475
0.661895521008253
0.494632901647043
-0.8867164804594
-0.0945796217794454
-0.0783343627221864
0.466996420634664
0.368949101668776
-1.58958866230903
-0.83736761194109
0.582299760157225
1.28090375018001
0.958525206521328
-0.703945070108403
0.779717711840886
-0.496952383703871
-0.395139502973563
0.666510701794602
0.66749009251994
0.859945448118757
0.321479930987608
2.08271309720082
0.37428873230883
-1.57986587027139
0.340061833511807
1.21955868501868
1.01647720440282
1.23203411564441
-1.68565199332749
0.996968324914173
0.0260151901808281
-0.0346080251941148
-0.270903378753154
-1.28511687884039
1.41432298025051
0.654233541498553
0.989175833819913
1.09666200185997
-0.337851195118364
-0.731948923298622
-0.686066900119246
1.02329427090379
-0.733642200411842
1.06773859719333
-0.158086443330558
0.193617724757431
-0.607792115562097
-1.3423868311798
0.224235200835667
-1.44014279197576
-0.953322108881558
-0.282112142210001
1.5850041263695
0.925045158048141
-0.261355133056545
-1.0029542463375
1.32161021023827
-0.0897467488079635
-0.763522310257611
0.101173931682494
1.09511008746593
1.97793946697426
-2.44976082555889
-1.01578562678659
-0.787398099264484
-0.0854235674774616
-0.792118632440909
0.845558565176521
1.18297788185458
0.298778186441516
0.276096898693041
-0.886130893001856
0.883941827451646
0.926729543984801
-0.508964883386139
-0.987426998762417
1.12904929473286
0.512828431682317
-3.37874656309123
1.0227220481445
-1.00564665179221
0.665968983134632
1.10757000593004
0.266504720535728
-0.455542438399742
-0.133511305708614
1.17604351224249
-0.662476853895556
1.03132246770353
-0.187549388054126
0.480407880213675
-1.45456827292353
0.826376101566843
-1.26379721587043
0.0287479472490608
-0.137016080090109
-1.78763422650424
0.429489824067228
0.955396767192031
-0.484551651111458
-1.53681014836014
-0.450481885394247
0.61161790089121
0.734031535949186
0.894661183073463
-1.9494496929084
2.71140259878088
0.523831838379107
-0.396748415638305
-0.0155095287073776
2.20811505154049
0.438337231407472
0.770643645166017
1.59462233956449
-1.9685585707323
1.05094336546341
-0.829280321394829
0.88553278644235
0.249705491182512
1.07916812114133
-1.4508988026966
-1.10493228201262
-1.15125752460707
-1.39689123957115
-0.779249148690371
-1.2211772924425
0.502108361208411
-1.20742750572715
0.509284044517133
1.70666049599038
0.402134802822165
0.387259122015317
-0.54281117711491
0.412368439298285
2.38917555336387
0.237810176457252
0.515647155857194
-1.17320950551908
2.31113807560441
-0.937376628510615
-0.116243786168096
-0.652197833965339
2.80343997499795
-0.292827445522361
1.6840026263362
-0.400658448058638
1.00842879660844
-1.11911376653755
3.05135853597125
1.52406088341786
1.76771469823167
0.765757716566969
0.483578072456705
-0.640069336512165
-0.831181643755209
0.884031579713649
0.907087814760676
-0.736548908488279
-0.326199393115736
1.47110248784234
0.805471787941926
0.41515943552983
1.70768501234542
1.42861526272849
0.31910428340423
0.237896067342817
0.198543520527757
0.238866870588881
2.12425570324477
0.695519954501076
1.3859725860241
1.68136184355899
-0.447893240436115
-0.81163033535305
-0.0186261927837051
-0.607905825995831
1.19550578585258
-1.44612540887209
0.587316868509728
2.62269536576008
-1.80686605692131
-0.737435419530112
-0.016041539440892
-0.191477040739317
1.48168480488277
0.393180297449681
-1.17185609035487
-0.338465268041265
-0.419661990037001
-0.591145719819354
-0.134131474964523
0.654043470436478
-0.403325636053417
-0.603545674900718
-0.345239370890705
0.733896226582035
1.09092251149218
0.0383043962140029
-2.88186640476694
-0.26443855671051
0.497335077109945
-0.0691274223234108
0.946908502133973
-0.911212091699344
-0.520295217770668
0.4769718026425
-0.426420371968798
-0.0722680938618967
-1.31982968437485
1.6629198151363
-0.632583519946009
-0.45198334273625
-0.465394132965499
-0.729386104954859
0.33882473989603
-1.40722709831411
-0.358141150913212
-0.526850506337878
-0.343555999185332
1.062578695839
0.263529625584839
0.359287950668612
0.731345445956408
-0.79663689775581
-0.563443762116792
-0.0914331506153674
1.87876954995886
0.397411946846482
-1.09804213500672
-0.00831269684287751
2.07588339346647
-0.47679387713836
-1.1504834047872
-0.206562250196234
0.484698935599165
-1.93569374656725
0.056109454962144
-0.394836637828223
0.43160113138321
-0.662929096072192
0.0874224047927893
0.601546538880702
2.54133040450755
-0.621412162406286
1.11724175529196
-0.685329477197922
-0.454285148132535
0.876379875967507
0.736858476241518
0.371921827706823
-0.864049965676608
-0.413896294407631
-0.0734689676831397
0.650878275683753
0.638670118030493
-0.949270135088431
1.5677015016372
1.06487088724031
-1.14534530593622
0.424372023935633
-0.327352392845443
-0.0971005507004898
1.04526977422619
0.380700922114203
0.734080218506914
0.369139811072765
-0.257537284442993
0.524785421828257
-1.28258451399783
-1.36634274797499
1.83924687092704
1.53476713310072
0.417408013933166
0.523386100469691
-0.336738996703213
0.733738693424443
0.236395957847585
-1.66216038196495
-0.21806579754522
0.804044412755146
-1.17776809284517
-0.819603610750825
0.647610148739924
0.106154152954974
0.343243531906231
-0.334182743618822
1.70431125708003
-0.28574242834215
0.485024063394279
1.17644488002855
0.858217905215141
0.58946819891971
0.448860858497692
-0.46781188688689
-0.598686714058583
-0.0894806335004352
0.754541676812726
0.432074982696308
0.0214136473613678
1.07539985001581
-0.691561497609127
0.0457718093364161
-0.60552550214293
2.85527805535352
1.23991885903756
-0.300570897530607
0.686894747919683
-0.0691968704105954
-0.0266905525086333
0.169373622741771
-1.69427743659691
-1.03488442010149
0.188458374734315
-0.634498086130649
0.856572844865099
-0.0233641456405219
-0.0264805643284796
-0.634580268424058
-0.94676498654979
-0.63918131229613
-0.56667059959157
1.11493712590985
2.42208106414552
1.12680501252569
1.2225985272857
-2.37786873762029
0.573191634820785
-2.25177426768851
0.905625403380819
-1.10527016230097
-1.02027979108217
0.995860252964554
0.911537791418875
0.537639994578523
1.52551572025272
-2.04485779255163
1.60404393089717
1.41287468081406
-1.27965973702178
-0.218107208498902
0.610536933085991
-0.66874255772455
1.15472322658635
-0.0611819923083592
0.629659791658284
1.72677091626038
-0.128474327759904
-0.76878774674215
-0.216140513567323
0.36094124437453
0.226508898378736
-1.42888838202232
-0.0629590594698136
-0.70869714405254
0.56575652092299
0.56165105036633
-1.09730335133287
-0.270452379769827
0.458672613297561
-0.506681635056154
1.14462312093305
-0.976314440416498
-0.856505498414321
1.33938774225411
1.38259578305801
-0.9136544332613
-0.361846622539085
0.486734214223714
0.0663774207198513
-0.39898538399177
0.370762135961241
-1.01519744585249
2.38839164678579
1.24652164746303
-0.823765336217835
0.418233051727954
-1.00800540196589
2.9007940894515
0.762441016546813
-2.24686738356587
0.588886246025691
-0.683000495084312
0.757443470937043
0.450452434392812
1.00311165695785
1.04813810955755
-0.864766964317249
0.559767786296808
0.432200533221082
0.99618305708627
0.572768938242843
1.47449733798899
-0.711767478351597
-0.977921373457289
-0.563399855324072
0.293939160143435
0.935516871059492
-0.000448943627809895
-2.55989115599107
-1.16886619979668
0.559115628650631
0.558077526587727
0.405577761421322
1.1596463236584
0.60465086077316
-0.842343968543105
-1.64725748300781
-0.529249601987659
-0.412365096500053
0.309980108699815
2.55528018043728
0.703464144177522
0.225870602255022
0.550881045116861
-0.676012735543195
0.138737854904201
-0.0949280443590829
0.882859818163815
0.0967270421910774
-0.141211866886265
0.807182856141642
-0.275529468169198
-1.91752009052576
-0.48902893521501
0.398074337470439
0.503473987083676
2.13154689982733
-0.281309076118018
-1.48694117238115
0.216266189178473
0.00109317459947374
-0.538153968006214
-1.65729925769339
0.960075561182022
0.77544024228728
-0.0487950732683442
-0.711849778307921
-0.796416052139337
0.555446264195842
0.859792385487495
1.79173084240621
1.37848037079357
-1.5087449905499
0.269813289459112
-0.356796436821172
-0.0453709565496055
-1.39456639505083
0.774568042358947
-1.37207760708257
-0.70449614840305
0.832573087148241
-1.3295622300796
-0.803996229817893
-1.41211909469999
-0.321134796667437
-0.127951106429735
0.0831149957437187
-0.112375280567713
-2.53245601755279
0.798118392421505
0.390859355134596
0.481938268846074
-2.15187519671349
1.26635170830392
1.20482843288921
-1.26538521072817
0.502052950379617
-0.503504666112079
-0.172561084726593
-0.632905885104158
-0.458152563000886
-0.178335707835191
-0.50592335624614
1.50709143909948
-0.458604918339624
2.42941762963927
0.354132158474429
1.31051308596193
1.56302799945383
-0.480140595876153
-0.398439644123814
-0.972056448648966
0.534792119847568
0.560876796657785
-0.180932883408048
0.0755694238590862
-0.18861346775713
-0.745511342849156
2.11080825784182
1.01368272808816
-2.00984763189065
-1.05368686388857
-0.0477910919756238
0.24972951033735
0.173888181692905
0.490107107673412
0.447359755431861
-1.72163397536137
-0.0147692732318487
-0.421900790543902
0.621150395590616
-0.755277641000451
0.129001755625993
0.759481749043153
0.772300014999423
1.51590203647624
-0.52004841366373
0.141395039402627
0.147573522156327
0.313577001640648
-0.126571055614509
-0.057604930175355
-0.545174540527077
-0.977377302019526
1.62067476267394
-1.47786578205533
0.834738295233357
-0.29277761752027
1.22787606371804
1.00299101936424
1.98040964136997
0.4227583497498
0.600090627345007
-0.907010499990251
0.152402535208969
0.262928403560605
-0.499469360163435
-1.60575024149882
0.406899160584509
-1.81247487441331
0.21680900133386
-0.356462480650019
-1.16300478263798
0.263806879741427
-0.129688586075473
1.90947222544291
0.226164548197416
-0.55854628874292
0.34556342970093
-0.238798242461214
-0.833550333113361
1.03672836601916
1.96171847645707
-0.614312305779256
-2.10785900082444
0.091784595964263
0.273639389369522
0.233091619726122
-0.742359321249492
-0.839735269993673
-0.0287992418107816
0.271250872220948
1.54572610237462
-0.279919181259851
0.414006407252681
0.120131368917229
-1.71188563330162
1.29648564276398
0.115488570363039
-0.152612695200355
-0.10619628895075
0.169244071152349
0.792294089387731
0.904182018240631
0.805333966432245
-1.11628049215393
0.903742803400707
-0.340588714246542
-1.55287467735633
-1.11181388171581
0.674794755651052
0.345846665291189
0.821989818773146
-0.942154627948107
-1.37582512706172
-0.226256955955747
0.731380542674483
1.07377769854829
0.111133164148966
-1.31307353102165
1.98402748109341
0.645053862924009
0.864054695482398
-2.62180985770406
2.1560644272007
1.25563186769002
-1.04001028404468
0.897333059780736
0.00171704869551311
-0.778881729822805
-0.100867713211446
1.25889513367443
0.52624922901549
-0.287694939364706
1.18598245189393
-0.677874846448374
-0.480824137568616
0.887463901033574
1.56955621153352
-0.0755251067347276
-0.812865297916011
0.47448055313016
-0.956990297760043
-0.243920502306
-1.88141629444214
-0.809233969035621
1.61917001067097
-0.658598166866605
-2.62555324601129
1.10188934402989
-0.915835807357774
1.372874440177
0.591678475017604
-1.51802351405106
0.739036474239826
-1.45438849717349
1.60454104553033
2.89444576365466
-0.0525277315539306
-0.416345500794734
-0.397112586594831
0.492308307783684
0.349292597524841
0.0282146924621952
-2.91385623234197
2.07857892895122
0.842515914927163
0.278791157244034
-0.599603207335169
0.421300717593281
1.31569829880633
0.561869060382598
0.763028429141013
0.222385910776974
-2.01302671898199
-0.733120643982731
-0.232253082745673
0.283852523364397
-0.554639575657465
-1.13717068043158
-0.732573262460365
0.262091595906043
-0.375736773508506
0.398857845655332
0.463451752057529
-2.39390339059739
1.05168693627942
-1.71774764318101
0.315798520691431
-0.629965591731157
-0.954813897028038
-0.07088976331676
-0.496790432615776
0.92788548755622
-1.21118152600901
1.83823891517623
0.874840608625542
-1.04351608051075
-0.16730808181456
1.53850721626107
0.014344843099853
-0.808252530706805
0.207068395834996
-0.135663990511489
1.00312477031241
-1.2428543194514
-2.14633839536924
0.282421511902721
1.26167342951634
-0.22898781541156
-0.201106397441525
0.626243553427917
-0.784274141088508
-0.534449944984921
0.664015723278541
1.13616882208902
-0.152849666670566
-1.01326826297921
0.0317081219495772
0.275958553854685
-0.634379490024633
-0.0692630733352615
-0.105575650679483
1.63853794525037
-0.343511196949836
1.56904277462704
0.359725583941787
-0.558031001740044
0.370241540984943
-0.757435330729284
0.100709394816117
-0.169726011538754
1.23460793208197
-0.612162641218154
0.374854234827241
0.144632215843606
-1.38280964991746
-0.265187555178394
0.442094310439456
-0.826371745167158
0.755729876076274
0.433597761714897
0.432533929407355
-0.574055181835581
0.700044610589261
1.036186420077
1.24490609607162
0.0371485911303475
-0.857415019059551
-0.251026290115048
-0.475898885447202
0.0413922600802905
-0.424978814103243
0.0496998784369523
0.0066300233985615
0.824559324635488
-1.0171050414336
0.357668596825658
0.402659174579118
-0.222932161056725
-1.00042514933623
-0.278605564783693
0.316703009379681
-1.19226518655006
-2.10559689656745
0.324881716648752
0.911075004424731
-0.306290067102782
-1.59331132853983
-0.100392733139711
-1.31126056556777
-0.146491350307899
-0.95967973927937
-0.691003696108484
-0.257806853451339
-0.302299229734992
-0.165074725625481
-0.271078328782366
0.636196505091829
-1.57283052035866
0.301367203768075
-1.12691771725643
-2.09091764222049
-0.302012288540831
-0.922944752042804
0.350024692395683
0.724725372940447
0.489853324824319
-0.540706278894842
-0.166153636724549
-0.304819643620854
0.547995663458076
0.986590508509329
1.85032141175853
2.51933970655649
-0.321449798945111
0.849162246227076
-0.599599029585559
0.425872275492706
-1.04217384963371
-0.970570624427299
0.575253201030516
0.545394218821207
-0.783890295960401
-0.414672179465789
2.0093883313639
-1.35477241462786
0.24746474837909
-0.238658729340615
0.624615732543171
1.07211485006411
-0.451349166603146
-2.17687690155464
-0.449583165809192
1.45687692769998
-0.88596513025943
-0.800238847194419
0.868495735322126
0.924370481223981
0.71463124327877
0.830148940752091
0.0645561252027574
-0.806325192218971
-0.632541056123922
-0.146205903949694
-2.53551696610355
-0.685251193398371
-0.863189068488237
0.415763463271988
1.54854478617365
-2.24198826685283
-1.05617030537773
-0.411035641191957
0.108483020623618
-0.194800142571814
0.161338856651776
-0.131646925264167
-0.00560545002453939
0.296610127492885
-0.578984872666116
0.19565065063047
-0.626540306408339
2.53701633323205
-0.709061653494214
-0.0867647338948998
-0.692846684174263
0.426065838495917
2.02739175041137
1.08179251627072
0.88646717831385
1.14460807032469
-0.297696173445152
-0.0037495153722731
0.0946510238465677
0.0377288847634736
-0.143302992870548
0.711876271506146
-0.228430495295601
-0.640772814906465
-0.203642230381326
-0.035581309974848
1.46604286533716
-2.08985072777223
1.08795909491017
1.0994770633607
1.82586143701268
-1.06681565027133
0.884895982048458
-0.58260309265398
-0.951394604464317
0.235137972961542
0.727154684440716
0.0295004942437461
1.90770274026106
0.199005469463048
1.16423164691138
1.80109735725695
-0.883471012272323
-2.33650885976473
1.29087020038162
1.10072733431996
0.652888274822003
0.425467096219554
0.714251207598664
0.931412731361688
1.0530464408144
-1.49503755244218
0.52280038370175
-0.959826319380041
0.554337514624354
0.0417568274098736
-0.163509598674371
-0.226159677336086
-0.144443111030896
-0.720122733765708
-1.39848408304955
-1.30516464037897
1.95791241880321
0.407561506314512
-0.647915411502063
-0.945922859984775
0.941605283039561
0.351237420256313
0.67545591185175
-1.18147833515949
0.334053030938599
1.08181223561602
-0.160539845295539
0.408997969772303
0.275709448548269
0.306669318709986
0.793316398311429
-0.341095950187795
-0.050699247416166
-0.227459528761927
2.29235665943702
0.41214661443848
-0.838940872892815
0.689602838681506
0.13120716950282
-0.0857334630197777
1.08560067703465
1.51032113567293
-0.31031353485228
-0.512897632595787
1.66656700234423
0.875042458617218
0.403963608804136
0.618401708250926
1.8917142242137
-1.22425457232596
0.388134098722248
0.156227722825821
0.371926499476233
-1.48068513766043
0.519388569805859
0.94488680078636
0.514967441536112
-1.22302025515311
-1.91561426696652
-0.968307150270539
-1.62609205231788
0.994890065221922
0.725592658342635
0.312401388772425
1.75016724462645
1.44270370278129
-1.16777645031524
0.716352137097474
-0.996646459505016
-0.904724697012253
-1.27137940555349
2.11370052438767
-1.25107060701241
0.270349899454968
0.780227799931644
0.830823666326996
-2.1023836218815
0.105061371720118
-0.516700979052661
-3.17937128570178
-0.386907425924634
0.812944997149155
0.706279608052853
0.298767122666911
0.565097413226856
-0.64950741975363
-2.19693727462406
-0.24985003029348
0.652586874384786
0.453179281039649
-0.187815971266595
0.787638162683478
1.36302792380402
2.15901824444412
-0.218051475985747
0.127523955881982
-2.06830766388908
-0.719932119455876
-1.16710605306454
1.05786362489283
-0.176127562422715
-1.36177625814094
-0.703121258195579
-1.66668016454314
-0.784197845881471
0.211402483203962
-0.65331177111923
-0.160627071174031
-1.14513120696958
-0.316028581632967
0.641552131706749
-0.945226112406772
-0.471292023625829
-0.536071733092504
1.33586257651649
0.583039844719129
0.481118304040083
-0.173525423171049
-0.0776620297795625
-1.20094072458698
-1.24019032331429
0.277683094490818
0.93363290594737
1.10365148613076
0.281978596029885
0.797908012241277
-0.736081692279541
1.0992023949693
-1.61738860125676
-0.463196286658313
-0.561923755873076
-0.111452927301558
0.587930969677783
-0.0501843088712215
1.58621538663738
0.55288586137934
-0.846887392978524
-0.364689371611649
-0.552913791112661
-1.21759961116824
0.0358460375555981
-0.632123626648443
-1.49456767281481
-0.151246534273891
-0.962613819242037
0.592007181950633
0.701391583598205
0.921994859909129
1.86379989110499
-2.28981396317304
-1.5134241812627
1.01762244581127
0.22251780795539
-1.15721396723611
0.489313461369972
-0.360305135835748
-1.04652887093867
-1.66433779848189
1.11147777339395
2.25573243266624
-1.65045581394643
-0.460555404513299
-0.355367004077974
-1.18701029529246
-0.22495781507151
-1.54013150201869
-0.284354688565581
0.720414554701056
0.461075634951037
-0.913716274713819
0.47625953894663
-0.535211072039627
-1.46401927698459
-0.260777352589527
-0.606260685280223
1.3265424482404
1.71934640632277
0.0932065783736404
-0.144680254876805
0.987685814510763
1.03753022671537
-1.87971482373807
1.33014400329732
-0.337998654922862
-0.34311042708249
0.30195238037407
-1.12663468340987
-0.52859260362457
0.32786304362502
-0.612039889864556
-0.745106593192625
-1.29686178287184
0.654682222559564
-0.898446779424827
1.69030462639868
0.621792110918765
0.176860759136632
0.732392838950358
-0.725972459358765
-0.214176673812297
0.942179960603496
1.36201913799708
0.321299050665804
-0.684110030745881
0.0508013968317767
-0.274854644623128
-0.129373662387851
0.0435202052786562
-0.215744937560268
2.15753730707778
-2.30299979697845
-0.562371851290466
-0.906418479893481
-0.67488913325241
0.654336926277384
-0.848826204806711
-0.846925466084804
0.309654348221464
-0.858092246432415
0.241808804903677
-0.669779967043213
0.58094797741024
-0.876778905542183
0.597749556249972
1.29840371998345
-0.749394809994836
-1.30892670314889
-0.0209560143552965
-0.341128801185643
0.220861845779763
0.332328772260704
-0.240630832402848
-2.08846909302937
0.610342612081326
0.462408178738092
-1.75923540861849
-0.429544107604854
0.73506799517074
0.151587699071728
-0.601754971217255
-0.448669630663925
-0.269345184947364
0.734860699572565
-0.339917668228145
0.923141607074698
0.621864047187473
0.0736701406039515
1.23992205221034
0.915597076618519
-1.59056492002648
-0.559645115035182
0.859469683627553
-0.207534034254802
-1.58787655538285
-2.28133588514738
0.0585220835337882
-0.44475164704045
0.298542096503681
-0.732321447933401
0.95600444245038
0.674643598264304
0.789786390494266
-1.22497273630123
-1.40354381170105
1.84594235657547
-0.530515834450541
-0.840985132520189
1.41992851608868
2.10511060962307
-0.0301322332312167
-0.362764639745266
0.846860963963731
-0.316442032167918
-0.173846317954535
-1.42756339552313
-0.657670524712029
0.0714102875630902
-0.611262927227752
0.773998214574104
0.892876893288729
-0.853114055701917
2.19753872533024
0.223129253683377
-0.900127692449187
-1.65209104905327
0.275578590463321
0.520693606830783
-0.155839208131781
1.33203953477436
-0.827305554400947
0.264940612095412
-0.116714190373206
-0.0223554231864577
0.41535560237339
0.739573114038264
-0.358785901760767
1.96066301988161
-0.380727757151659
-0.401477001067982
0.915151209433506
1.01472952679426
-1.40710901139343
-0.0455603742187379
0.439189472790793
-0.258508690481596
-0.782840903355064
1.26629676688255
-0.624927300462484
-0.386631426273544
2.28314039070894
1.56760120714392
-0.161601057106768
-1.36563451752438
1.8166431079996
-1.32310607191661
-0.105415346574028
2.08090087222143
0.575269751301907
0.202244631879718
0.264465428655584
0.161390370019792
-0.122047194071364
0.804086316587674
-0.834521834870508
1.39410716836822
0.325831322168005
-0.0798790706089124
-0.019215118258935
1.3458380624055
-0.126919710518576
1.74042883824029
-0.400384821871117
-0.564448944289913
0.0420134492801572
-2.70400913781852
0.446068041802963
0.636051652707257
0.805717742150539
1.16746187073769
0.723373635867973
0.760991845757206
-0.530247390737396
-1.69018966213112
-1.93794542593203
-1.84483523460025
-0.705959004927597
1.17537275207281
-0.355540764237884
-0.0185228061353932
1.25208129944083
-0.983122685332697
-0.458718516650703
-1.35342945855631
-0.117587905043253
0.506226855595243
-0.72022378862859
0.808321420043449
-0.844699869077613
-1.26043336674452
0.24061222835013
-0.755083125922924
-1.34701402441412
0.573926166841273
1.69750371387377
0.0225902139828049
-0.645517294990088
0.358219864674711
-0.237245623740905
-1.87326607857982
1.39408056892435
0.504278882059432
-0.0546647219896964
0.873780198276456
-0.169020282785248
-0.243175871832276
0.685783319816146
1.96249969097858
-1.38319787904164
0.0747270313093141
-1.75786009855778
-0.32736146000346
-0.767787180750754
-0.92348310781134
-1.71618313739306
0.337791593564168
-0.217771098795845
-0.139978225698323
-0.327082363724952
-0.40177046360587
0.0112501763067818
-1.11583991705253
0.626367277837279
-1.61440586663956
2.22010039486096
0.867549574961618
0.228842568082486
-0.460202315556663
0.566042391067838
-1.48887308730252
0.451140082427437
-0.697320713986648
-2.01210178146594
0.927144147260487
-0.379525478060987
0.26995564521914
0.196163433479564
0.306794187318513
-1.95227912409488
-0.224835272033953
0.600540619498244
-0.408027795042561
-0.336990261364531
0.14850072349313
0.231942148159945
-0.924562583152493
-0.632702602936606
0.362664382750539
-0.0986047669301034
0.568739369105398
-1.10580430322798
-0.0957610078855364
-0.0489538121171594
-0.0423265685599776
1.08559790780344
0.227995143587936
-0.0819726858458427
-0.600462636656241
-0.103862675406175
-0.609572054657472
-1.17933661259593
1.577170010477
-0.0199337889181212
0.0531946728159618
-0.170421981869074
1.64801473374548
-0.963383634785708
-1.5218523026373
-1.025874187852
0.148344121976307
0.611768865444116
0.19343070396378
-0.449391028556427
1.2225289308136
-0.333375691127422
0.834252046876449
-0.622305818329306
0.335271402747297
-0.357166424219077
2.13020726336033
-0.194514854054922
1.03967962714221
0.614096988300854
1.25438281835061
0.650470405647331
0.801539412292128
-1.04497951545158
-1.00520774250041
1.16870909827738
1.58309889743656
-0.848743037620987
-0.67251208110607
-0.848729849446678
-0.237722783473896
0.880116994719267
-1.4555667496327
-0.642276762744523
0.943537071764153
0.303349478199246
-0.0138459554009103
-1.93569692993053
-0.231955515834444
-0.0745382285525465
0.00406838959027406
0.772841857173288
-0.714764030510418
-0.638978388253324
1.00790488581485
-0.0302157276647859
-1.13267437061572
-0.039862262490131
-1.11061769783171
-0.795995562970416
-0.907958129808594
-0.0675465285249716
0.359066567912753
1.62733671075064
-0.270247302384268
-1.20006507086711
0.0182773636553388
-2.07127522912465
0.256819115298893
0.164440288618807
1.5001434502772
-0.426315746260923
0.81045319090263
-0.341169987718637
-0.236271397652387
0.275785906554964
1.30991135671616
-0.332024895811308
1.07251142939466
-0.0328513016841064
-0.645935289632075
-0.105719109837646
-0.254099499083249
-0.235797948095061
-0.817202987484525
-1.89671683743938
-0.61188389089955
1.21047686555848
0.154035919636832
0.493564896538149
0.0588549213471117
0.0149068471549213
0.0307618866127521
0.45054237702533
-1.18817040010548
-0.0559469077234661
-1.27574814873817
-0.0987884191966177
0.0181105596796172
-0.261306266230183
-0.616758305409819
0.0647678303465989
0.808972483696984
1.06895774810568
-0.0364512453319258
0.0132642065181503
-0.840940261778979
-0.15354071149035
1.74760186822656
-1.33093542227467
-0.993617389548402
1.68118825055994
-0.667588960316066
-0.505106617398532
-2.15451896464656
-1.98704117169075
1.10902063357539
-0.312079681618504
1.02224225025259
0.339496013444958
-1.63937236369836
-0.724598515783858
-0.82360105523228
-0.646825386191889
0.711480974279523
-0.0611965146008729
0.909223397212946
0.757860272101617
1.4688323489397
-1.49397809161393
-0.160172627377197
-0.377651560460084
-0.415534974104724
0.259018588270849
0.53678163991308
-0.0893304943874861
-1.98486447665533
0.0149065105137669
0.407092622546856
0.291364290986407
-0.949646541497632
0.629442853879569
-0.129536563123363
-0.527485999040075
1.21695879136702
1.37830028220966
0.120934383517594
-0.231530273131574
-0.902516043181134
0.973964663787303
-0.768145233679582
-1.37891746374235
0.364319237606403
-2.46939154587457
0.0137243443782603
-1.10499588084798
1.10099747827907
0.634608955584845
0.864235449500061
-0.214065311605091
-0.125043132779125
-0.0789040356183054
0.540945130846987
0.685918657776499
0.250019493848522
0.534057905449155
0.446580684886074
-0.844403413595727
0.867045429174548
0.456438286984716
-0.223967706576668
0.0419633012042114
1.80799376131003
-0.814427874315264
-0.199314594666346
-0.706102581623571
-0.860232671626982
2.10005270269961
-0.888746677535794
0.254695071866592
-0.0281672436684355
2.20058019643591
-0.522203191531363
-0.247804670608453
-0.746855718590123
0.762183417129067
-1.27796362224256
0.699645101028705
0.0532945796184217
1.71026140703492
0.851418874257472
-1.67284969186587
-0.898714176852783
-0.438992800537869
0.652343633970761
-0.453779880624897
0.337579863233806
2.56205762844994
-1.10213934234138
0.826103867771439
-0.00735994362777362
-0.617635414684594
0.0425111395346487
0.58477547031723
1.14523234245694
-0.351479282912845
-1.69340286610157
-0.300471362176963
-0.466334553393983
-2.06769008231759
-1.68369931021086
-0.0316241197390446
0.932561677033628
-1.03570787660781
-0.762635174031814
0.588712502038956
0.0588442111831739
0.556608147980169
0.902397692299323
0.870557302163374
-0.47350299288791
0.152926906066169
0.859186169333519
-0.663108886733253
1.10225854553129
0.321317194854208
0.00735389432425138
-0.577023321300567
-0.521008022470341
0.43238567163747
-1.34169258150479
1.67637153622295
1.87065596535086
-1.85715996337651
-1.34462411551487
-1.20477960730641
0.947374123095919
-2.48578743363924
0.351241437349893
-0.541100467895737
-0.572957159135791
-0.592010483642657
0.91238262870897
2.41125398426577
-0.55161462350753
0.470024403383274
2.21478208872272
-0.542053918320185
0.203959071400568
-0.602839807503287
-0.630079812565995
0.727853970999522
-0.372284072391604
0.617426814694471
-0.23027056937557
-0.489465560597796
-1.27174499094767
-0.568151026165457
-0.0773502545460586
-0.0862967261699955
0.60138918141421
-0.963419824373413
0.295147009145661
-0.123799525449516
-2.29518090685037
1.50476565544428
-0.775470306004507
1.26737398917657
-0.613440304973271
0.220430619405506
0.470535777271321
0.628704060799367
0.733271152904373
0.286776283253149
0.633303139392648
-0.027322618036324
-0.352275469017949
-0.241373868820425
-0.0764673432435194
-0.805798921336909
-1.48410208833669
0.325245362428367
0.153185548379555
0.653632628106284
-0.93512701438389
-0.808756377107345
0.693339696835245
0.653000037939218
0.102404293384849
-0.14229175052682
0.392475808950767
-1.92454987761694
-0.393395976578812
2.41937730229215
0.917874617558044
-0.949761673310382
0.684086246777152
1.53192969065354
-0.543459478576934
-1.04411658383853
0.87986062343816
2.97178100672982
-1.22139063845582
1.01111062237958
-0.119262856310928
-0.941421258870764
2.05165705467123
-1.34124052955859
-0.181191829994316
1.13118521567501
0.733881789744277
-0.862684352991751
0.782610874057023
0.0403153362922656
-1.77123261704092
0.577050019318429
0.344934399444684
-0.0127707896588893
-1.54060316073174
-0.273057618125069
-1.24649205363716
0.359216444468784
0.166961574169692
-0.146387724855917
-1.15665321387266
0.183632874593078
0.0694028649852144
-0.33681550991837
-0.186602228242395
0.769791900346417
-1.3321215016583
-2.11635430685419
0.116873829189145
-0.270311357419019
0.72101471254565
-0.919084412324572
-0.350919600509003
0.7306305801253
-1.39119539809377
-2.9156297681732
0.0690472539366839
0.67497020203167
0.267840565251255
-0.95098939113923
1.50109167670291
0.728765046226556
1.47234470478503
-0.852277111093873
0.0961949484690066
-0.879327813495565
-1.33348435742133
-0.11568719344234
0.224676382545566
-0.354600949892768
-1.10334711557745
-0.409913058068153
-0.716262983831754
-0.164036599435604
-1.31814131223508
-0.774759953835116
1.36151759382483
1.21513595238109
-0.337872938425917
-0.322233048588925
-0.22859323365724
0.956548340347018
0.219496455564285
0.0565112775260548
-0.425257043397644
0.757644745900677
1.90228974841678
0.3281579082166
-1.03415579406347
1.29817488704349
0.701738179269477
-0.731963464227078
-1.36775492222967
-0.554146615282262
1.34671851930182
0.216509104297635
1.72560177936623
-0.00220682276823164
0.674858981158679
1.40930007944134
-2.33336874681304
0.676955950778506
0.0596283393288603
0.951840983264628
-1.18101124636241
0.685671201153399
1.09678930581744
0.586901248896027
1.11653671205311
-1.29582802381275
0.774592167188389
-0.00561643581958644
-0.597589244520347
-0.261416709679285
-0.685709155242729
0.436173855121503
0.136133421713196
-0.233579546101834
0.805866046810345
-1.21003188722837
-2.05106687175551
0.161046252375843
-0.398064159574327
-0.814902157764144
-1.09103657135431
0.55045240376429
1.40212526941158
3.08652593076806
-0.575292088774082
0.0594573345913814
0.6857518431088
0.479563577274003
-0.852814347698947
-1.22984755004817
1.09115468735064
1.07548778674278
0.655771680927278
0.268271126647183
-0.334086418142905
-0.857298768324317
-0.816905904202833
0.614261250827109
-0.212828335131801
0.190080778362924
1.00864111545349
0.806080091757947
-1.0526319424162
0.630720761570404
0.00829201507305691
0.217393460580309
-0.237918767383705
1.6666494447089
-1.03138014693124
0.337887625957965
-1.01393594839735
-0.91434368157941
-0.434707797908391
-0.117563388775664
0.990849703274628
1.90116673537601
-0.275563602183993
-0.713193992296905
0.201330326177068
-0.0189078556964511
-0.467100458743995
-0.58081602123835
0.103394423454496
-0.0267975727972776
0.547507053002346
-0.95647811807668
-0.433291663976052
-0.858350593092343
1.5346963095153
0.473431334467486
-1.41555728453522
-0.35732942691031
-0.180210407541367
0.015429769348556
-0.736712516569423
0.305571515717256
-1.1542838951059
1.8766010689303
0.118114402394538
-0.693671660042524
-0.964459586694752
0.0877937152405141
2.3136536588291
-0.314065771030466
-0.150366499963714
-0.30362600836786
-0.310970574404506
-0.596035786555842
-0.369011390894434
0.194272553483388
-0.599488015214528
1.34485713771319
1.08296695284947
-0.642280357207618
0.00426671858568714
0.945048674110646
1.19401128874002
-0.488873453145939
-1.81279639988403
-0.534008731131536
-2.56861581061734
1.01818467496321
0.625130561714312
-1.65194525011844
2.5982627946888
-1.07903128820222
1.09713549798652
-0.209220204345422
0.863105664223608
0.264625133461264
0.0307426668414356
-0.155021872975093
-0.851726087508999
-0.264116762702153
1.15941326627239
0.440185833358863
2.21106952694688
2.53593199890119
-1.18329538762929
-0.126001767732949
-2.62585661475519
-0.359046805255488
-0.575417521242907
-1.98879164795859
0.504797925806505
1.47089457839227
0.0363909241406789
-2.17793059067562
1.73384716349565
0.0963694274636015
-0.659122826601541
-0.776346660163911
-0.126118197354914
1.07758276440956
-0.320947756346926
-0.496598536241732
-0.573361865341848
0.343255829565183
-2.30306315418862
-0.634999964870264
0.469943332674389
1.0332750259474
0.116964985983846
-1.41921228952836
1.37632385720488
0.330661760462305
-0.101341245270598
0.787611871628852
-1.44051427277429
0.496803643980161
0.546562404578541
-1.47940698362205
-0.828098496385531
1.20878670124822
0.493517896468752
0.733956949079617
0.0471705183651623
-0.811785587900961
-0.187788236022692
-1.26311157600782
-0.858235960153337
-1.45312459145645
0.0721726125693601
-0.631309261471129
-0.688117593917059
1.16038402126718
-0.878992846242625
1.11315582970336
-0.241154834181424
-0.500941254637205
-0.679704502907939
-1.6042223444467
0.863934915827006
-0.369341512079742
-0.898295884703049
-0.168879466017114
0.560578590169646
-0.43877804428859
1.4766909031104
0.137919767458028
0.792206408823699
-2.21855439487866
-1.15948095127809
0.621043961246749
-1.07242482480485
-0.637822144148525
-1.41872327406884
-2.13522222597893
-1.35398685093875
-1.422940775802
-1.39795130738188
0.382946501203104
-0.161112556840022
1.17134559317274
-1.44662338810458
-1.16505148231699
1.32680762862266
-0.297122851540996
0.277680142946187
-0.246169040827946
1.36314712330992
0.362073598092772
0.913647469849975
-0.240836050446545
0.576349754170922
-0.580034250872843
0.827805781974366
-1.01070800110629
-0.731141934359214
0.606282934651932
0.47103335545172
-1.60762528338364
-0.351766969819885
-0.195850658662935
0.554696984597097
-1.26181491699538
-1.3905919910854
-1.77809032547447
0.503842620794326
-1.38055988065479
0.215829822219163
-0.652984287689109
-1.05089693967311
-1.86561373710007
0.433597694539881
-1.14059404981049
0.451757403654128
1.39775816674414
0.515713407310449
-0.964249601126488
0.658189583065247
0.291165986238964
-0.231731333421681
0.160824538023672
0.244848961096821
0.321253091300055
-1.15980771756383
1.26604007964723
0.324684669477949
1.87395262409999
1.08375839702734
0.423992359651921
0.070520471380194
1.35643832847953
1.23525958278543
-1.66352182298251
1.73493317699225
-0.550449018359909
-1.23793327638142
-0.12917863867696
0.370332221907904
0.457380781942222
0.774642060968087
-0.0448050904627233
-0.415474867148797
-0.225259598523366
0.989699855040217
-1.44584939147627
0.945180535766642
-0.062580526943385
0.572268661167873
0.884028271561679
-0.465401343372433
0.903534641773117
0.489605450249444
0.21465773078746
-0.114422558178529
-0.118442423550944
-0.0341211034810546
0.0442053947462231
-1.47958015189837
-0.672684369934145
0.130855320424817
-0.554402635531651
0.457660351570811
-1.38711816733879
0.453618595024907
-0.860313594335045
-0.0753535312577455
-0.488615488347043
1.54543987539934
0.448543626554546
2.21302398320548
-1.12166805971199
1.81811864232617
0.715280467538389
0.365971129959399
0.717055696327742
-0.000154375156783557
-0.401726843480956
1.39732730192852
-0.0328550829448986
-0.35604006529298
-0.0555859541044037
0.108966482198619
0.309358518057757
-0.823863895107097
0.85573076103219
-0.0754102366411684
1.26305560543751
1.59681250337893
-0.593545405500025
-1.18069096819457
-0.197447053304414
-0.33377699616376
-2.06833043291082
-0.654812131523764
-0.848401598750115
-1.40766620181375
-1.03518646707365
-0.332812910996278
-0.9066034576991
-0.40180126856527
-0.0424181126011753
0.106214035024751
-0.942563949387441
-0.487463828866976
-0.408741172198788
-0.068678682376723
1.42114113108903
-0.518085600429984
-0.777650148202594
-0.452119750137429
1.292336279987
-0.998684427872022
0.016070906704149
-0.0962348871223547
-0.194814890876329
0.278714872532089
0.819651060050331
0.468667838656044
-0.123140184178466
-0.413345468760651
-0.372535693747011
-0.89765678322574
-0.644566663652918
0.0794447704647364
-0.514989857898302
-0.436697292988675
-0.338816448666357
-0.285073910999168
0.437125722637865
0.365039487393542
-1.57193103613653
0.718805035686521
-0.749401087083826
-0.00419946687267611
1.83802611150556
-1.66534944308532
-1.10323819902692
-0.561783313771154
-0.531269686080893
-0.379484876621002
1.68826285652999
-0.135979746611316
-0.473608729387627
0.291226408442507
0.257292165770784
-0.371965942301231
1.8646636924449
0.416667469621708
-0.822211375219399
0.705365753826719
1.88343950595069
-0.202035391328255
-1.42401370227163
-0.678905258813481
-0.373463908015805
1.37194209789889
-0.640098087604857
0.837464384092715
1.51301923232605
-0.00442697534859767
1.29509467202451
-0.375597203002889
-0.0128559416507893
0.777979092415281
1.97108278609197
-0.795925728459936
0.3096428624405
-0.0386646404255657
0.834327964217225
-1.29468388642527
1.34749658178944
-1.53242477087571
0.685504353016941
-0.00852336061104201
0.700420716630128
-1.21773462851802
0.262772046626257
-0.789182881263525
1.80488410623468
0.84226608355803
-0.656207542503711
1.54609432066892
1.07400750882104
-0.0441150720267994
1.08623610578155
-1.14432306395982
-0.455601351325119
1.08204820528757
-1.21270539718802
-0.695958009412904
-2.01019277756554
0.585812972130149
0.115587460731765
-1.47230996496967
0.0606259626842936
0.0891137372137032
0.429326265518484
0.480349255440527
0.107612837144607
2.47741067144686
0.76625406591886
2.82187329388761
-0.595140022920012
1.15726277452641
-0.320002610236712
0.719623007032383
-0.476603493382319
0.531873611416525
0.64706192032614
0.493553089372866
1.065625274659
1.54374098014441
0.339268086306415
0.151200060667591
1.87850544152794
-0.0706198468098838
-0.00669299991153416
2.21969525343947
0.908730961693996
-0.60244893158193
2.03981976661972
-1.48904280119706
0.839336645316509
-1.35798817251219
-1.47599875936992
0.629045329979494
-1.675206339402
0.246233082252759
0.109447818710643
0.908539771381966
0.0805974918703461
0.693332039591201
0.808036009007164
1.40670392324573
0.314198127276962
0.527358465902717
-2.46020265568062
1.88586188474284
-1.33955995245807
-0.0278112550443107
0.991977345126607
0.886545106907436
0.804622087036104
-0.735121693572077
-0.0736881333720853
2.28733323149497
-0.586202307197166
-1.0712782744236
1.94982407038201
0.614621977264619
0.0179694398394692
-0.000269852644047761
-0.00595482381829197
0.771173997525225
0.165829172194969
-0.739943056925316
1.30316913298779
-1.55460462742257
0.519045417694099
1.23544259530316
-0.037875972882295
1.43931071308292
0.593821856107542
-1.01828621633512
1.49483118863076
-0.343223634936713
0.370449587509694
0.366437454708501
0.267738115933265
1.57216501390637
0.8047037989463
-0.597039250808159
-0.579512802863959
0.675509973979682
-1.4496042383236
-0.217429443906969
-1.81426876805049
-0.349819626628521
0.00370896428380749
-1.53371737871024
-0.500472953016376
0.529553446148122
-0.00555797726827803
0.598208171148845
-1.12645484229206
0.874689820753914
1.61918635221564
-0.78731433127657
-0.0325216627677108
0.0302701159543635
-0.662233475480513
-0.270450377867494
-0.930815881262622
-1.32175524063195
0.449745760870724
-0.239599112030055
-0.961652642222656
0.55646648302838
0.828802073225019
-0.568717797039944
0.775270040761383
0.262744461832764
-0.0835477712408129
0.531170033968441
-0.450382296876745
-1.29246074082005
0.486170040072242
0.223034772797028
-0.595711604628749
-0.188987035038409
0.843121262016644
-1.335713972717
0.390742640933213
0.475002914151848
-0.430850213111875
-1.87255348704275
-0.590199968607853
1.07007997357279
0.399568899574824
0.150837605858753
0.420164967613185
-0.561299168151298
1.1519502097482
1.86469821046891
-0.0183813427738982
0.991934571321921
0.522766946703451
0.161959788358922
0.694360959033614
0.133772049766614
-0.195288703877356
0.954983566380849
0.223881308893324
1.16710399659969
-1.97543963055496
-0.205715275885063
0.797680045579311
-0.132583769736379
-1.93886901884411
-0.449251962543265
1.91815487467555
1.70753588180024
1.86460619991552
0.833436619041022
1.45459632642731
1.85539058060145
-0.501278893348288
-0.72251892435453
0.856886574490807
-2.03829086927959
0.383330917805514
0.045196490875019
0.734233294523408
-0.495965139267796
0.856217274963223
1.28804574983152
0.496213260025592
0.203714411228165
0.95356386243197
1.55124185727122
2.08896662962797
0.473243138196584
-0.258158910573102
0.927624415444426
0.296391860171087
1.73362298365201
0.0384590928141411
-0.204907341281874
0.763897438305191
-1.06807965713524
0.0741203854557277
0.114644662695422
-0.328439968649035
-0.501971197990074
-0.457080652948597
0.205831056191831
-0.667703445449249
0.776356337275322
0.622338062661043
-2.33572097389056
1.96590348355156
-0.821165474162167
-2.06728648514198
-1.36068567313574
-0.0345308279507455
-0.318835466144558
-0.0240454475121916
1.91744181044292
0.16654995337849
1.59424750625419
0.860406377446769
-0.918401026842407
-0.790530698852314
-0.778092560013695
-0.781864667389544
0.835200208074283
1.90897552290708
0.44804561495815
1.00207260407178
-2.66866106017633
-1.34636371987565
-1.62776830861691
0.617891937255835
0.283140204915965
-0.297106772366703
-1.50488874078183
0.675555096071221
-0.748387897286872
2.05134776659635
-0.368290030702029
-0.890206781835643
0.615206995425671
-0.589364776178195
-1.41623667512126
-0.780801043796303
0.86181192450008
0.280941821213578
1.10092271946947
0.688574202634391
-0.507089917569371
0.0900886444864543
-0.750801960341869
0.284433347685551
-0.357684297660331
0.721025932654279
-0.32744506501426
0.972161648816779
1.14421112731051
0.837297644230196
-0.18476204911451
-0.359779855107656
-0.127517584211933
0.505672130694295
1.75637382468382
-0.7858519667304
0.42325747432252
-1.33209217788396
0.113166968734887
-0.305046379012352
-3.1098580328556
1.00564404210251
1.79034645357064
-1.32636050016023
0.543039993960701
0.643040033923179
0.510484026808699
-0.373007426226959
-0.0524484946222738
0.408063106546668
-0.50412411204265
0.533931729166953
-0.939923353120745
-1.35918115399533
-0.491639187888202
-0.712685414777374
-1.7463436757445
0.99987800908475
-0.288237541652173
0.26874868819614
-0.154441725716082
-0.460259249067315
0.340766374976987
0.550406262425017
0.547227879479093
-2.17217751290542
-0.572654812939454
1.61585705179699
0.783836155951526
-1.23343677105165
0.90585089241375
-0.278439617624966
1.12589823002655
0.454792523979254
-1.83526329137744
1.0226597034516
1.39673992133779
-0.813952990486756
-1.54874682335945
-1.39403245440565
-1.3311682274506
0.775474852365188
-0.686797028053869
-0.0839413144338783
1.22290072393167
0.86200893917192
0.828447028777276
-0.410733018874388
-1.37940903420979
0.509537765158228
-0.664885334849969
-1.38068550311456
0.127914582909552
-0.360335617902662
-0.629685858805755
-0.800762696312043
-0.765197035163412
-0.142062865581498
1.50736434048833
1.68453230004417
-0.833760122379294
-0.263579445927871
-0.593496725288026
0.147694487203761
0.505184254295733
1.35662568472675
-0.796715809498404
-1.4280276164884
2.04660690403658
-0.785689380991437
-0.281014671268308
-0.240941497274812
0.243768578894182
-0.716471258431883
0.345646450399141
0.497455774503269
0.976303761153877
1.55419783279803
-1.81044543391965
-0.348489078524572
0.636646877987065
0.682100090899729
0.527335929968462
0.809833760346009
-1.50291479791062
-0.379605638059373
-0.191782254676369
-0.567737658523774
0.356932534539771
0.727526953327742
-0.991245275966098
-0.778177705153379
0.371502728598498
-0.924794904712944
-1.27868703476632
0.94697900381281
-0.0442958719543016
0.294957614414723
-0.374758392739141
2.37813693025363
0.000810317278112586
-0.646791891307634
0.61396370062208
-0.615428513718075
0.0719771385307933
0.852271364292077
-0.271615689611287
-1.19331422576807
-0.894657937545548
1.46487260168528
0.801340458167054
-0.0533994165650415
0.316262398436052
-1.85036981887092
-0.243776437410949
-0.109259696279843
0.530108759373124
0.160031987947439
1.13775910724682
-0.623175486366276
-1.10890321545964
-1.36186258065388
0.668237226508759
1.40973040230836
-1.44145900913264
1.14295968549772
0.0751225208031065
-0.625379840289174
-0.632534061851944
-0.27676936306722
-0.410727264656894
0.301459842781983
0.982756949991265
-0.159076265658644
0.318385420633052
0.298903734432228
-2.96001110817834
-0.604606496382203
-0.127799600440393
-0.502350623166693
0.0557584672459582
-0.492210489338668
0.0850073546884409
-1.323725270794
2.00730039380681
-0.345824981424734
1.18218339430885
1.33070755471606
-0.655072807963259
-0.604025884585831
0.464037062796088
-1.09446540538238
0.50963095660151
-0.761243169458546
-0.271096737775499
-0.773676229162633
1.00617455480082
-0.0677700610033244
-1.00214046476942
0.551313454730468
0.752346789311746
0.750547696854602
-0.264348022289314
1.29955552389396
-0.893621842158603
0.13363675940905
1.05838454574625
-0.812434675040403
-0.148074483036371
0.224997233554441
-1.05499722635468
-1.49687624569394
0.287403738521786
-0.994976147210142
-0.52655988195034
0.918411405597267
-1.20705596072336
1.97447665914926
1.48394608251367
0.381303624541299
-0.220255789220008
-1.00306478797733
-1.08485365671107
-0.652999966096776
1.56240136134107
-0.400564255968184
-0.480968476895519
0.23127735828405
0.524163799697272
-1.29845458498544
-1.3371414043755
-2.42200747458087
0.123680079201821
1.91584958226652
-0.381748814197319
-0.793792865519295
-0.118705044305811
-0.707294326498189
-0.518228477141736
-1.56933876902038
0.302900186784758
-0.391161062281936
0.257133508499829
-2.09452394172881
-0.112094515472879
1.44115863889478
-0.206216616532318
-0.903763717313984
0.666361984530241
0.463061012796459
-0.261166862077904
-0.764144322009066
-2.01717939619023
-0.364358651755367
0.479050939142155
0.158215716399165
-0.0650894574953156
-0.876055153150562
-0.836864533215254
-1.38274944528227
-0.264976533735836
-0.634344210409985
0.0630977997114757
0.393523094443763
-0.215392818109664
-1.06515040151251
0.170355171334713
0.366619089196099
0.987471000437894
1.17261407461384
-0.175522892298353
0.258040061813099
-1.05459738287592
2.95546609804599
0.0627770560884442
-0.0408627817880808
-0.392288711660498
-1.29478732102673
-0.586191275861347
-1.24744810681737
-0.448019283481682
0.623332155547833
-0.812182588737442
-0.0805351613253857
-1.92358380108356
-2.04282223407092
0.290508423780043
-0.524649703525443
0.599240197482183
0.792719002191346
-0.0655539851397984
-1.04723093580404
0.438315415898759
-0.249176556927183
0.983996944596897
0.133592763791672
-0.680773175324402
-1.06609127298992
-0.820236170667284
-1.04037352939391
0.98596613468943
-0.699304353740378
-0.842489961698365
1.28583089152243
-0.376004620135226
-1.13688526179658
-0.459474548593814
1.0598081055294
-0.993421658013583
0.251354962420866
0.147861100827197
0.546387903510494
-1.3651518725991
0.372536265759122
0.000562566428628161
-0.242603937139515
0.998378847022361
0.301619181693112
-1.139053085306
-0.460694419791888
-0.549127035890048
2.47247065503843
0.488122657299794
1.33003283608585
0.650634800302574
0.118775933846768
-1.95224450188159
-1.60241652912611
0.125113004452372
-2.24786146999772
0.696687259898028
0.339311823398526
0.487793835431138
0.498578892773279
-0.886922335883965
-0.536837810706574
1.15123152863547
0.051393228718718
-0.221517987134293
-0.728010108657919
0.496432597578314
-0.945099571443758
1.00982769457675
0.080835841641097
0.156216508712472
1.78430280951804
0.696345698965025
-0.472500864908772
0.48911624948685
1.42199652434696
0.199144080383973
0.873955825993
1.14736364480629
-0.0526447146553014
-2.37194438016818
0.83374776435304
-0.899180155297134
-0.845881641253953
-1.49670870211129
-0.399174743811707
1.12547854124127
0.0756705198864858
0.651540088889472
-0.174266894437562
0.577494656330621
-0.374173770763516
0.02919666217334
-1.61659598433781
0.682345586940505
0.532026454530254
-1.2106025372922
-0.460658940672329
0.967046887726927
-1.29662445430915
1.45597767188886
-0.877623955710692
-0.343003695415308
-0.992759706351117
0.587046213665428
-0.141559852847222
0.476307675276506
0.453351712585401
1.47745056523698
2.09874304602688
0.275590098834848
-0.384425818168362
0.343451343866888
0.650660419404449
-1.65649172624253
0.847352106454325
-0.932063105484851
-0.400820446995994
-0.607991655767654
-1.288210375012
-0.144775632980207
-0.996705025612994
-1.30013761041301
-0.896523695915348
-0.148489610601654
0.18300396352261
0.221426425442424
-0.856457399181733
-1.91776490527013
0.638233707441694
0.981317781538347
0.272914711493819
2.98163172750466
1.96282222502164
1.0605475691403
-1.08922854313436
2.29452627253675
-1.9311884735436
-0.0223226570385332
-0.750125499914029
-0.649375046559054
-0.843488140561208
0.175604777138767
2.15564703101401
-0.349011435000833
0.905236479451271
-0.796674870667723
-0.0274358916097759
1.07271491432084
0.39960925140103
-1.92956179120388
0.380577517410235
-0.111991097142484
-0.94160644514431
0.781893611910619
-0.0921107310493159
0.513476336260131
0.660440966652371
-0.945092067427631
0.318260061302589
1.1090117772627
-0.0252289633161695
0.4409039698342
-0.187544346040928
-0.864579661684035
-1.29077196295868
0.224879452907027
0.706669560450892
-0.710140441504
-1.25111237041306
0.69716383115979
1.143569855474
-0.387513682556662
-0.93466316110288
0.804195412158891
-0.604576010838881
-0.391538325572098
-1.2124394084305
0.197126453634051
0.711439318157054
-1.18490962033206
-1.5109254413354
-0.103956025214732
-0.0235789211195694
0.947178560717769
-0.689823695050733
-0.947495727234357
0.196127563163011
0.453968280651174
1.36501931526169
-0.959891728139019
0.808498338753236
-2.01166212834125
-0.628814445859743
2.28620704835366
0.809000876474329
0.627535800371823
0.200462176974893
1.28546106608999
1.47595539032462
-0.867083014420723
0.365749545586728
-1.3680976585068
0.0994452993739637
0.289921534228639
-0.985044720631615
1.64886950922761
-0.63638241333037
1.86665007491249
-0.611563143516006
-0.328500905526237
0.983040547851141
-0.089454162089778
0.72519515986296
0.0236709075989413
-0.465713648594055
-1.53907061122734
0.12489402321364
-1.34067135630482
-1.3407545411697
-0.439784660125953
0.0893825836699614
-0.541284185067162
0.297188556289849
0.861499390253568
-0.482223703365302
-1.32879769401558
-2.22149085280526
1.1356574242369
0.902551589255501
-0.781452856413623
-0.82927980400496
-0.787299404980616
0.215835594607286
0.126130103516308
-0.163980726039876
1.79074987618153
0.0163238424500006
-1.76647954753636
0.188124301486474
0.273389025845578
-0.3690132038407
1.49033053609529
1.73686698520013
-1.65670291253225
0.459193779290362
-0.746715750105204
-0.448824527355556
1.88085144288125
1.10584902297329
1.44544346050111
-0.551061794831056
0.436999811061078
-1.03764082152749
-0.056177320821705
1.3601540774792
-0.350940091252197
0.738224844055103
-0.732621546852455
-2.41143168025373
-1.5602042278388
0.643901028755419
-0.228032210018191
0.774908261445423
-0.296919781969863
-0.161312013185574
0.313195405062536
-0.102721490496367
-0.18980939595632
-0.958360107600685
-0.653716131621885
-0.141063805217599
0.401713050927747
-0.976019246023858
1.26123751748061
-2.15224894774136
-0.0834618804482503
-0.133074986653763
-0.527092192824641
-1.48619653529311
1.71305371528661
1.75689765598012
-0.073680859827125
-1.16188270834558
-0.262399966535246
-0.326086503893365
0.590042627113589
-0.111865939647594
-1.42994319435557
-0.229853384672878
-3.16743335919023
-0.818682413844263
-0.20567168529339
-0.526764141188551
-0.615931813281076
-1.66333940593851
-0.773924151579932
1.13729319946369
0.0199363018590731
0.19673986471997
0.153401956959782
0.807215719986841
0.991528495500035
0.383823752456931
-0.739481873096148
-1.33036555485222
-1.25689135928949
-0.479449903901275
-1.80044249820081
1.10698167079648
0.283093986061959
0.349309098705829
1.09600953051017
-0.159630692785141
0.84385264301172
-0.40322741036071
0.987881922393269
1.06001272679949
-0.657234526113545
-0.317859002874807
-1.49281184816082
-0.741880771565699
-1.2648483106657
-1.27981274309773
0.645373169375085
-1.23136825301562
1.13914856406312
0.450308418988789
-0.259463952305462
1.04767856839863
2.23905499078311
0.701695228238595
-2.12732198308805
-0.504743494179319
-0.625980919265616
0.751472009185428
-1.24763498753341
-0.0555327307612802
0.125605239192521
-1.43091316921743
0.895415140686019
0.696934592792988
0.645166077034229
2.06078423548491
-1.39977662174834
-0.0369422178181041
-0.519240054488094
-0.265118893072812
-1.20275348869163
-1.28147337573431
-0.356865978779332
0.488364791679147
-1.37232010231417
1.28520680953833
-1.0608309698734
-0.495056563307078
0.77459572489686
-0.441171293253584
-2.29493427617236
2.40780667109347
0.00222531492742334
0.598272035436777
0.723485047892785
1.17731312153269
-0.303033570206624
-0.440207614184678
0.396540191754809
0.0313967303808739
-0.451693053521878
1.17364045408866
-0.00561728564328073
0.309336852355896
-0.80847786090717
-0.0460934313666531
-0.75628999505002
0.624981420742108
-0.309916508636235
-0.20123497025799
-0.479009039347246
0.533643700297118
0.677958697931043
1.98251456569007
-1.14232032162524
1.57740479753685
-1.34426191172241
0.384486472996078
0.357479716679811
0.333886153531491
-0.290437351158365
0.703395055977781
-1.41195369655915
0.0400467326202577
-0.72371937579044
-0.221919358702735
0.481874803413832
0.0595882936809534
-0.220422768262101
-1.12261314300068
0.120468640598637
0.0533141186751352
-0.00712025377618419
-0.191503638467377
0.898613619307755
-1.89592261688513
1.79654742054205
-0.218482815386045
1.11933209594658
-0.0408155993732764
-0.721435774264085
-1.16612804613324
0.0564096714027864
-1.42838974003807
1.36086932535837
0.222065356235963
1.80126125167271
-0.345162335855051
2.81245271658429
-1.70647921341486
-0.168510049120678
0.133846613152119
-1.3198367569291
-0.0372294957916669
2.12031065719344
-0.0948805062563431
1.52216862074706
1.63658508910499
-0.19886066897278
0.00641036630089958
-0.268384098596714
-2.79437490084436
-0.979090767444569
-1.33121845628992
-0.266689235390845
-0.293337133094654
1.00668778990996
-0.0945991120669359
0.0255844977089897
0.959145921338975
-0.207005225192126
-0.145965330968607
0.373848156943453
-0.588862894012591
-1.7453644278477
0.320177926923435
-0.4946825958728
0.727389059416331
-0.732037928127243
-1.69318923358205
0.650633180014172
-0.15369171368669
1.11469166639667
0.82843295891861
0.266687555494649
-0.15769342933547
0.4156755515598
0.70319476341034
0.864997059839186
0.742084575044197
0.265273323785367
1.21987905834932
-1.32225872296149
-0.301114685503582
-0.811719030969997
-0.0187371100639215
-1.27408916308636
1.39575670832218
-0.203713416687662
2.00399348838218
1.57882516460479
0.00100900937352842
-1.82451116992281
0.394435719850585
0.511475947956683
-0.902499401832958
-0.847742035991313
-0.861007257602108
0.179656033295015
1.79802981515839
-0.579645750057908
-1.78770529099147
1.6045851598235
0.0642877961202405
-0.928568250421408
1.05582633449666
-0.378474378486289
0.619932579729258
-1.3908689136444
-1.47749479920784
-0.646294295075466
-2.76629398444206
0.373566002732205
-2.51903257146387
-0.543924042072609
-0.289359797826408
0.648376793382548
0.837880410341244
-0.357549068009589
-0.156761382959303
0.175994338911018
-0.324474107915868
0.468823812330078
-0.626343698999632
0.772610305586189
-0.156728155999164
-1.1982684665079
-0.621730022001097
0.872607617897614
-0.883314133513734
-1.47351481142094
0.208638795603374
-0.94093564290956
2.46819603234845
-1.70183060500525
0.391610203542465
1.58427754114168
0.631561508500614
0.217240589151451
0.561858632159191
-0.0190165524461291
-0.945774988426448
-0.988964115416305
0.859728408237702
-0.41868168308985
0.545073722286043
3.01661743730279
-0.751203133630525
-0.475168806178961
1.69716680077782
1.52848430706729
-0.451134755318558
0.601949426455163
-0.104596192741281
1.48319731482511
0.0858900514689302
-2.2477682926985
-0.597981179987105
-0.357200976830068
-0.357133519874591
-2.28878084848988
1.91564208489057
-2.56396098774132
0.28479803019269
3.20756243920723
2.06493249096788
1.20770203812004
-0.774876969478001
-1.27998769764792
-1.09945235863009
0.802349318545427
0.0641522466206524
-1.51197906809705
1.22262523143942
-1.47182040051075
-1.09740809742454
-1.14468758725237
-0.885465848186081
-1.49518034951999
-0.429005766183964
1.4670015375599
0.458806218741409
1.24612042877012
0.369403961349261
-0.393199709802377
0.684736728318836
-1.32843350985042
-0.502726509325807
0.0371267472163505
0.470781289783809
-1.06938210523018
0.929575480420257
-0.536396181292065
0.888054515874137
-0.307033051625691
2.83933671398852
-0.0466712891153405
-0.372719540188572
2.05301933000956
0.884838067499526
0.60691645956575
1.1417022910137
0.710685857672975
-0.702471338194552
-1.38520458777736
0.0831814506252906
-0.280907215636999
-0.388618905578702
-0.508064106095284
1.04274613986304
0.323911917531399
0.356318487649522
1.18662859959299
-0.253278673412444
1.03266747570528
1.27995215737857
0.578475054514928
0.016021309274922
-0.478337967452014
1.08171943380144
-1.32321735274606
0.613632457209573
0.953973674848164
0.801544300988105
1.1098287394416
0.14787108497852
-1.16971663723587
-0.66810637622051
0.106986214507974
0.300402080325058
-0.688372146590617
0.347164165336888
0.912162176588491
0.201003362374481
0.181096815731139
-0.111054396729943
-0.294153503506129
0.124934544736062
-0.849776977989465
0.253961487485128
0.932266046888893
-0.0673883129810787
0.926624504270746
0.235030694989647
0.605234649466703
-0.167645684124777
0.790211644775093
0.527388646942037
1.14624071500695
-0.62200738041045
0.244705372476855
0.140714133425525
0.0664565165832102
0.888723983839058
0.989224828110833
-0.401863770876697
0.885345577319784
0.391916343801935
-1.19739503785437
1.45330093258416
-0.120714443959673
0.0589426929423648
-0.859631443208849
-0.247747391007033
0.78028048857279
-0.500279650712509
-0.939539172226922
-0.973400981386916
-0.311499063702443
-1.66929104885056
0.943707245887014
0.586271470525932
-2.47664455078492
-0.403268320404793
-0.587105932719206
1.61597953999036
-1.36640540113027
1.68455465865962
0.521246181344886
-0.838934906517697
-1.21048749827656
0.757191699694104
0.933088031986634
0.263133194114241
-0.0184295813700695
-1.2307190566991
-0.57958247754252
1.57327805473181
0.250904441022015
0.789547282492176
0.448021706306815
-0.207053164476128
0.0258343460571887
0.303919413274369
2.85697461993528
1.46769531300024
-0.0314805255608427
0.350407196623851
1.4184281698184
-0.907900112438958
-0.146460582213296
0.598500911994073
-0.584514296361379
0.446275297383773
0.622089976017647
-0.411782040717744
-1.14544907030471
0.720886170425467
-0.562157288027118
-0.150531813983298
1.02153522334562
0.994341638309984
-0.130750429990732
0.106688981438103
-2.05948073433082
0.972812700570812
1.51702155556608
0.36035634512502
-2.43437449574519
1.43726528437582
1.86666533412515
1.32608696931619
0.819795715681495
-0.968002716631437
1.08294509777079
0.322351965068692
-0.534856996821396
1.14234884097265
-0.475845727542955
-0.127696120720056
-0.819988746111917
0.32263413097421
1.37936393342512
-1.22886380485349
0.294475222370216
-1.55343237332171
0.595827170697756
0.607752861640087
0.516071788801758
-1.24490160094975
-0.722912196202776
1.03603671898912
-0.556649193485433
0.735298645520928
2.60495255472611
-0.00197405468372934
0.0316091949872308
0.553298019670579
-1.48486607766025
0.036826538610978
-0.279934907672626
0.300028440164072
-0.98931793603722
-0.77795894857183
-0.842530932837079
-0.569850346348723
1.17390729500091
-0.575178037107477
-0.205097428362094
0.158969146182339
0.23846749117303
-0.0449202497225007
-0.652255622186473
1.31965266047142
0.51566317856879
0.414372238590493
-0.938752561226613
1.16657615848844
0.90758660969718
0.303007779345271
-0.0240967583163593
1.71393060920718
-1.15680133377531
-0.204113043348812
0.836224303322966
1.39880657892676
-0.349464322355211
-0.938190018351925
-0.791721525526381
0.857533183984679
0.962112865009182
-0.574103694542868
-1.08712706457634
-0.142302593864194
1.05374728206674
-1.1818652267081
-0.467995921425796
-0.468751244162131
-1.78430505870141
-0.306288569607636
0.673498967463905
0.904668530761407
-0.322812375903295
-1.19444014200176
-0.480964561890908
1.34253680936248
-0.309575334921056
-0.172598957595562
-0.694735261682132
-0.056943163728659
1.91679671478394
0.0317874714184758
0.270815080441557
-0.385911312502551
0.334580260162406
-0.467825109476913
1.49804514574443
-0.0796403502334091
0.597288669703935
1.92547308912963
-1.08502320778903
0.704195344632707
-1.45646544874599
-0.326892219974832
-0.742168000431719
-0.339595565108154
1.95938695440948
0.120933412519706
-0.780476436784036
-0.110708843084528
-1.21289495210121
-1.09239527835601
-0.132490743343275
0.319932345037044
-1.97070638466854
-0.630120325228269
1.47973410672715
-0.92447538097289
0.16762966211106
0.489160081169337
-1.38137438672096
-1.20380255392478
0.0735070326788696
1.06007026319502
-1.39216933200796
0.205989599956118
-0.478757522509254
-0.939997353341026
-0.138326653144643
0.237321455905843
-0.0226033163713486
-1.1817839907208
-0.447193359210134
0.430258611714374
0.40219297224607
1.2146988956226
-0.883233564749435
-0.382513828170756
-0.442807242881576
-0.445180046619689
0.89613352260426
-1.44924407041904
-0.405060305376458
-0.462556977949798
-0.423520986225331
-0.808952310617464
-1.33320933167902
0.32931723621246
0.575227503538622
0.586265258208283
0.175407293787824
0.684428885037938
-0.904419615424693
-0.515612755146248
0.306292643572858
-0.31849333855273
1.48553010080821
0.23042917049947
1.78147870494405
1.08897519825902
-2.2327260439802
-0.539138878921464
0.836003481795112
-0.0500129055673214
-0.92553262871319
1.38383385171058
-0.0813714710056314
-0.100574184720997
0.4495129083284
-1.84784264668225
1.59133078988439
0.0498510225132238
-0.437642322717618
0.867553955887051
-0.571022371276338
1.74118562039656
0.50990204010568
2.25339821619973
0.505145794797497
-0.434112126319626
0.274415327456795
0.226301850448484
-0.320398127651968
-0.383968661026974
0.221161353329253
-2.15866344682326
1.16158772033905
1.76160696300644
0.244728323227664
-0.564866487236557
0.372296380468337
1.16124124341582
-1.59497845708158
0.38691183029173
0.537992220261929
-0.785476121309243
0.86511359629254
0.595077058530413
2.94988489649982
0.618485847385186
0.466842343090465
0.676401361179178
0.090128947808016
-0.536345792006359
-0.783206355850274
-0.143178972598936
-1.08426625853235
0.224530177341867
0.521995938656462
1.76062370764283
-1.33140085682612
0.132074992206308
-0.111401375628016
-0.0218072326423704
0.735068081675929
-0.325405966051585
0.493048199448945
0.989105621421491
0.0360375376184969
0.736240055818323
0.406660952273033
0.824856653447504
-1.21652557978755
0.162465352530671
0.376956707758549
0.541748454311801
-0.172135730145005
1.62484747617568
-1.64430424806878
-2.05585175874841
0.302348175968977
-0.368593516036807
0.540995160744679
0.0157062056357594
-0.0733788443438623
1.60358240226561
0.858960301558678
-0.587113026205686
-0.9056426278034
-0.519873268809984
-0.509993867348348
-0.747214153519961
-1.20121736600168
-0.489156120008397
-1.02205431017702
0.953002639868152
-0.16347929399649
0.346035747534506
-1.04240176269077
0.418420870776821
0.0820483389084096
-0.0700887274699031
0.205948607511299
-0.0763524434393681
-2.11034164808756
-1.06788893424486
-0.921791363912995
1.39163097416231
-0.689672874372034
-0.70685108952222
0.586251893902032
2.15108483404415
0.132612609320322
-0.597901486038527
-0.0370097004776533
-1.08343638943194
-1.85011608128775
-1.06334403912329
-1.18304497824388
-1.09960030174784
-0.713921898548468
0.718213151736451
0.154803170954113
-2.22225517008084
0.469892797920689
-0.530363584283051
-3.04498016821292
-0.0255145430311944
-0.9053360731224
-0.279239154283163
2.30010235945956
-0.275407712526063
0.229282182680329
-0.289183749656056
1.42420716615185
-0.944851880310604
1.96374844413432
-1.26613171287219
-0.979089165805814
1.32459352669329
-0.971340026764322
1.21515094750301
1.92667557380502
0.569175865198432
-0.505426503107905
-0.967575111511777
1.74165999421934
-0.0740262334213266
-0.524996827146448
-0.517837913867119
-0.551493583788093
-0.231657317697681
0.14785315393583
-0.491305081286954
-0.89633638854509
1.2201174309418
-1.49205706764723
0.839138806035822
0.856450516574323
0.863920962108053
-0.316738008964161
0.00525233758626453
1.72665785074164
-0.730618693507622
-0.227950569188222
0.691759028611418
0.592526929255584
0.163429059036799
0.299078881088789
0.0564191892514227
-2.65861237009019
0.451896475057979
0.384371193003714
-0.460440192884416
0.209773660088992
-2.34576798863026
1.1598311101076
0.629938738223945
1.91698421929772
1.46761064858177
-1.24685802858965
0.220849478876548
0.638696959686292
-1.5728127941089
-1.45515868433334
0.710946074188316
0.0519475846248453
-0.694531958493044
1.76203901101517
-0.180287607829681
0.158334197236256
-0.280477992069494
0.173042051086633
0.657934976731849
-0.737453161878434
0.145050536152248
-0.103333013498345
1.02728151973976
-1.42814170910154
-0.329719805901106
0.832683348969255
0.933621353352167
0.0900144972247128
0.0742550275841248
-0.770304604049992
-0.658920359761173
0.483252989077084
-0.83636105350118
0.80815247768422
-1.93861210870657
0.552315179448631
-2.14196521286101
1.82418193203775
-1.82300461799447
1.42723731845037
-0.437972020106708
0.343505925332158
1.1811091122446
-0.381237037185169
-0.469943620534796
-1.1947285002441
1.0904667942972
1.5854278757786
-0.317112139040911
0.459369701688172
2.08631734625692
-0.0983156874896633
0.023080386597656
-0.641042772471148
1.59802023501945
0.82441663889825
-0.69034114938667
1.44769324364071
0.474038942824616
-0.668298564903851
0.161648671001237
0.31257130012548
-0.534267695917848
-0.549899551318504
-2.63208142246749
0.415903928884953
-0.650040000676816
0.881475486820335
0.357910805803915
0.411387329630256
0.861200899091824
0.296763446995269
0.825420648832898
1.16889351798424
1.00892845332002
-1.00362657169726
0.651387996264893
-2.78002823153133
0.163596858453575
-0.568920744682399
0.975269980165068
-0.824280086922342
-0.171285117524044
-0.897903515612837
1.21551775170995
0.0513281378814064
0.590411025133971
0.309520858376515
0.754650424934232
2.0099443684218
0.128447205138814
0.217268247493336
0.707972937143833
-1.55294319199598
0.938834369565082
-0.53923628319814
-0.176092832733456
0.56028971865493
-1.51273217596878
-1.61815532441732
0.858156538632386
1.22032772583307
0.32349687655196
1.07250769149038
1.0572742798733
-1.70429963085506
-1.97995258944515
1.93963667653831
0.823179597833632
-0.395662518229185
1.25046775900734
-0.441662951645554
0.144910347089621
0.398135253407194
-0.393076086683943
0.770582381932514
2.05262781338914
-0.00243963099663001
-2.68398579425086
-0.582204415578874
-1.70927800777983
1.07328936779258
1.72592560105689
-0.303278765706359
-0.194278792016264
2.1139644739355
-0.883213174758387
-0.167362283361263
-0.315102566841869
-0.884495403500383
-2.21639340549927
1.58605991624728
2.02887347493106
2.78986561614917
-0.478239371311215
-0.973717097383124
-0.308803464871563
-1.50092129948165
0.666667874577666
0.146040399656422
-0.23341610875377
1.27528853598564
0.495529252330612
0.771283472203517
1.5472395673518
-0.763161708419322
1.54087598148657
1.01484543068208
-0.910188849613037
-0.471583869101145
-0.566387686211986
0.491766736462369
-0.0239413890384215
0.552926435072484
-0.140604344721009
-1.59921263600652
1.48830556229009
-1.05047149506148
0.281705511730363
-0.855011652302667
1.24130931280071
0.803998425397036
-1.84331710094722
-0.721423712571118
0.500365632223161
0.257030883860486
0.941308289122776
-0.0825299286062577
-0.156189304128861
0.115863465720165
0.637568837733778
-0.806225975415459
-0.33741522429204
1.47277661411694
0.751203760047622
0.970526242748569
-0.722041272266855
0.331010026874614
0.178287590887937
-0.0153290489006395
-0.751992532721385
0.189946735382484
0.390677714481738
0.831760795949892
-1.09280089648283
-0.299149759829683
0.362568243215051
-0.248531382542974
-1.18039012754634
1.37473117138825
0.504028023423773
-0.172159966598815
0.87612985782277
-0.730713587608849
1.5662727918081
-0.0439952448412788
1.4765066909538
0.746517359320687
0.832551077464152
1.66485153245651
0.136589849804776
-0.0776492585027997
-1.36294580252096
-0.731964433087658
0.341026111409547
-0.0474782114380485
2.07811701266887
0.479091144255847
0.363873525351544
1.16245361907177
-0.324227492413842
-0.533177197670126
-0.7874645946456
1.17027735689114
1.00817084370394
1.22152463450852
1.28595296433162
-0.460364321924051
0.839911898829753
0.606158774877406
-0.0445196934269919
-1.42087966684418
-1.52732956190333
0.599252891664205
-0.632939118577486
-0.874990541352392
-0.604135562691487
-2.43390078796099
-1.03859668479999
-1.5250637127491
1.71668842796056
0.337906096604535
0.270359348275007
0.461790274105611
0.16601420808433
-0.704559397809554
-1.09571024579709
1.1709238955733
-0.616645467348588
0.287547781692166
-0.723159444124505
0.502312501857615
-0.467899911727838
0.996199963757793
-1.53103413848514
-0.0694188369498867
2.25475804620699
0.875065397281941
1.21271677830383
0.753755744400511
0.191194950946447
-1.56254805062654
-0.691496051904828
0.318344739060636
-0.80210826199
-0.0251321487128115
-0.0841491372745967
0.526270499675523
-0.931401485073084
0.125871135323053
-1.40524558059761
-1.10212144553882
-0.519435739152416
-0.911506963946262
-0.515175618503795
-0.710801548627354
0.0943402897997505
0.63643539212387
-1.92956284802374
-0.18102615775809
0.409981826084643
0.296612639430376
0.464468523134259
-1.72338125323538
1.99887000296557
-0.449337262389416
-1.24978737510186
-0.427015521467455
0.484322607107883
0.597454111491268
-0.817333932768252
-0.450055206423304
-0.751742348341257
0.938842870281876
1.17215724669599
-0.0657808250198496
-0.55708142269509
0.841407809870474
-0.753950573314533
-0.53606385907021
0.457857754016148
-0.20229434974751
-1.05942517914897
1.92643567651527
0.399677716248953
0.349900649279894
-0.993670108587297
0.477265743186897
-0.888721146431769
-0.315844950023409
-0.630601346685203
-0.203946424058606
1.24658655171536
-0.150544286418506
-0.0977979805167226
2.0167864062399
-0.724917568241075
-1.58734483688024
-0.146443296733108
0.291017849800715
-0.933014688910347
0.551474162309458
-0.814884156727081
-0.0486034789195522
-2.39686772179708
0.78402976883321
-0.0175585978651489
0.986614891353525
-0.417216336594059
-0.342601860177517
-1.87694997115092
-1.61400757159239
-1.06173999669858
0.0043787648655233
1.20524077739484
-2.62127203488921
-1.87322959809574
1.34661623488038
0.445265135407952
1.93771978192588
0.0130492516235016
2.14455317879514
0.987845497671184
0.134761791421329
0.344854159593033
-0.599102589436371
0.174700123736075
-0.996614032940493
-1.17186483989671
-0.25011752381958
0.243172614194036
0.131450279288838
-0.720406827913326
0.130335838991576
-0.243725652708333
0.415914577233733
0.688818283141038
-1.70470590513704
1.6102584374711
1.78737011990513
-1.25371655642247
0.718618666741659
-0.81151438940209
0.219033517085095
-0.981710511641439
-0.90431947688832
-0.0468228059087178
0.345048621916198
0.960342473601089
0.498616818549281
-1.51988856356864
-0.221742831251155
0.830074589454423
0.460465289317782
-0.170233474519942
-0.025536244169594
-0.147312639516028
0.399395522451948
0.103796745684489
0.975908086126765
-0.440373158234568
-1.18344434055321
-0.629573715855213
-0.94722071361318
-1.1549835686723
0.732668620000369
-1.92112575273653
1.00904951875527
1.65270798467908
0.992252553046954
-1.22442340033606
1.38572850811242
0.944780316863221
0.537537244886122
-0.193662441411512
-0.163404604327735
-1.48707439975561
-0.263103814358101
0.161681081159062
-0.703846917276133
-0.311485604579318
0.272443032325183
1.13646876911183
-0.0929014012147342
-0.384566491706292
-0.165800059775515
-1.65313660847749
-1.10597732096537
-0.639254418540681
1.39169558702481
0.0257360132118169
-0.85972646386917
-1.35791199619483
-0.0640239702727846
-0.295602567467544
-0.767735826172864
0.223300384565021
1.47890544905621
0.966521731547205
0.0880177850881687
-1.77138495021532
0.243475874050155
-0.969889297409183
0.0236256421157603
-0.221704853037322
-1.46034529019472
-0.941925816737465
-2.83534366208017
0.430726521594687
0.0019155976776036
0.583087931541859
-1.57405655985036
-0.22849022621471
-0.49623396107403
-0.626595552153275
2.01997036378771
-0.154790611947055
1.5676120242788
0.230124134818095
0.302064846282119
-0.539220982054786
1.57727021970616
-2.0850922708588
-0.673789771146574
-0.398541626555448
1.48526344814351
0.202587398967326
-0.193114559697808
0.618011295348695
-0.695300016592146
-0.224239825142399
-0.133350454235639
1.95928613231157
-0.463097199540858
-0.28647959553267
0.482033475732606
0.182418083036471
0.820184862882012
-0.731553030996275
1.00147040509517
1.05086713837897
-1.73564841301682
-0.938610529363031
0.769461366059038
-0.584227294876944
-2.22876731302469
-1.93760697502848
-0.297859952702924
-0.478449914077752
-0.667301573067318
-1.09983694550459
-0.521900380572793
0.580579488057298
0.385757816641533
-0.748842908553835
1.0935772507177
-0.93189625486352
-1.02292526893014
-0.133480622222872
1.24432611735535
0.209223858485813
0.00696335213681452
-0.00975822199036189
1.10355342264834
-0.177854590990341
2.141453982802
1.36387962439577
0.0967897463407844
0.883948847963082
1.50294460899321
-0.714092966358931
-0.0622432454715263
-0.494890596342453
-1.36838600156728
-0.829158887596762
-0.250822833221001
0.130712809910841
-0.616571969445174
0.865897472584269
-0.496534173463186
0.314094828730295
1.07305566861127
1.01298778368852
0.78774989239981
-0.873913002972275
-1.12556720702059
0.657301534105225
1.34876381419831
0.442209703886183
-0.784160518004725
0.665955699802508
-0.294459155144434
-0.734554697735869
0.639991792582939
1.14752845670331
0.401396074956536
-0.210080823346833
-1.06490529589064
0.693692278734003
-0.804022144148401
-1.91842017681757
-0.230731625377921
1.07435773757459
0.30904365987028
0.650933545440289
0.553491889599979
0.551088427520062
-1.2033138233214
0.0117210634386344
0.420159088729366
